53*1 12 74*1 3 10 17 52 123 50 3 74*1 4 41 41 46 34 6 3 73*1 2 
3 3 3 3 4 3 4 73*1 2 2 6 3 2 2 2 2 70*1 12 2 
4 34 8 11 5 2 2 70*1 187 86 14 7 3 11 5 5 3 2 70*1 
239 286 203 83 11 3 5 3 3 3 2 68*1 87 144 256 268 159 10 5 
2 2 2 3 3 2 66*1 166 93 54 198 227 294 151 17 3 2 2 2 
3 3 2 1 64*1 7 23 35 52 175 299 266 70 13 19 5*2 64*1 2 3 
2 2 5 57 222 225 145 35 2 2 1 2 2 2 2 5*1 2 56*1 3 
1 2 2 2 1 1 43 136 108 11 2 1 1 2 1 1 1 5*2 3 
2 54*1 2 2 2 5*1 2 14 39 28 3 1 1 2 2 1 1 2 3 
4 14 40 39 5 2 1 1 50*1 19 4 3 2 6*1 2 3 8 9 4 
3 5*2 3 15 76 58 169 84 3 11*1 2 39*1 5 3 2 4 2 5*1 2 
1 2 2 4 16 15 56 6 3 2 3 4 29 214 295 382 238 14 51*1 
2 6 7 6 5 3 9*1 3 17 21 32 6 6 8 20 26 130 322 502 
517 111 2 14*1 2 1 1 1 32*1 2 3 13 32 3 5 2 9*1 3 6 
12 19 18 50 45 48 157 261 348 534 348 33 2 1 2 2 2 13*1 2 
31*1 2 10 6 49 43 2 2 10*1 3 17 33 12 328 358 184 95 222 257 
498 340 68 4 2 1 5*2 12*1 2 29*1 3 36 288 340 247 6 2 1 1 
1 1 6*1 2 9 184 71 104 397 332 289 516 481 418 282 34 12 2 1 
1 7*2 1 1 1 1 36*1 4 211 455 517 353 14 2 11*1 7 161 208 262 
304 325 566 724 626 353 28 22 12 2 1 1 2 2 3 4 4 5 3 
1 2 9*1 2 2 26*1 2 7 302 553 569 242 51 9 10*1 2 7 119 141 
126 126 329 479 521 328 51 28 17 6 5*2 4 3 4 4 7 3 3 2 
7*1 2 3 2 25*1 11 44 145 399 575 670 490 250 47 1 1 1 2 2 
2 1 1 1 1 2 15 30 20 50 61 74 230 214 47 23 19 6 1 
1 7*2 3 3 3 6 3 6*1 2 3 4 2 1 2 23*1 119 318 256 423 
680 888 691 311 74 8 3 7 15 7 4 2 1 2 2 1 3 2 6 
27 38 34 32 41 18 20 10 1 1 1 1 2 2 2 1 2 2 2 
2 4 5 5*1 2 2 3 4 7 18 12 3 18 21*1 8 170 591 787 651 
875 915 560 376 297 98 14 11 8 5 5 6 4 3 2 1 1 2 7 
19 2 2 7 12 26 10 2 6*1 6*2 3 2 1 1 1 1 2 3 3 
4 5 93 153 34 8 56 21*1 9 222 583 950 1059 1066 799 364 267 270 106 
12 8 7 4 5 6 5 2 2 6 9 10 11 2 1 1 2 3 4 
2 6*1 3 27 6 10*1 2 3 4 4 4 18 63 50 100 28 124 1 18*1 
3 4 182 617 1060 1070 1053 731 408 58 106 25 15 10 7 8 3 2 2 
2 23 115 120 11 2 8*1 3 2 1 1 3 9 33 2 9*1 2 3 3 
3 2 2 2 2 19 76 50 98 64 1 17*1 6 7 203 454 712 1003 927 
677 363 78 81 82 53 17 47 18 6 2 2 5 24 32 7 2 1 1 
2 2 1 1 1 2 3 5 4 2 3 22 35 7 2 2 2 6*1 9*2 
7 29 36 41 23 30 16*1 124 15 19 224 341 426 539 601 478 162 17 49 
31 15 190 42 22 10 6 5 47 165 85 5 2 2 2 2 4 3 4 
2 3 3 4 3 3 11 5 8 12 2 2 2 1 1 1 1 2 2 
3 2 2 5*1 3 3 3 20*1 207 78 109 78 24 145 275 369 508 200 37 
8 25 17 81 138 25 42 73 57 113 181 50 3 3 5 4 5 6 15 
21 8 2 2 2 2 4 3 3 14 11 5*2 1 1 2 3 4 3 2 
1 1 1 1 2 4 3 21*1 259 120 48 50 7 23 30 229 260 257 112 
12 33 84 42 107 240 246 333 225 29 43 3 2 3 4 2 3 34 119 
225 68 2 2 2 3 13 4 2 9 9 5*2 3 3 3 4 6 3 2 
1 1 1 1 2 6 22*1 102 13 4 18 3 3 97 138 79 241 315 213 
43 116 115 178 195 272 192 26 5*2 1 2 6 72 133 86 23 2 2 2 
3 4 2 2 3 3 2 1 2 2 3 4 6 18 7 3 2 2 1 
1 2 3 5 8 21*1 29 85 3 2 3 4 6 126 25 66 191 171 351 
423 281 205 256 197 135 3 3 2 1 1 2 1 1 3 2 4 19 20 
2 2 1 2 3 2 2 2 2 1 1 1 1 2 3 6 40 34 53 
3 3 3 2 2 3 6 6 1 21*1 34 89 57 4 5 5 21 254 126 
78 203 120 164 396 206 198 360 99 23 3 3 2 5*1 5*2 6*1 2 2 5*1 
3 36 21 108 135 102 58 8 7 3 2 6 6 21*1 210 186 45 81 26 
6 23 16 195 313 39 23 39 19 13 142 28 177 99 20 63 25 5 3 
2 1 1 1 1 2 2 2 2 5*1 2 1 2 5*1 2 30 197 111 225 
44 58 19 3 3 5 7 43 1 17*1 12 32 38 26 145 105 42 71 21 
22 92 75 353 457 58 12 7 8 20 13 21 21 25 28 16 15 3 2 
3 2 7*1 2 1 1 1 2 9*1 22 157 225 226 16 71 13 3 3 4 
56 17*1 2 2 2 1 2 14 200 351 278 233 114 109 193 277 515 137 34 
41 6 5 6 102 44 3 20 86 16 23 2 2 2 2 6*1 2 1 1 
1 5*2 5*1 2 85 113 185 182 32 69 51 10 8 6 16*1 34 3 2 2 
1 1 2 28 265 320 218 111 27 112 242 289 267 345 314 271 9 6 41 
74 4 3 32 143 150 27 9 4 3 2 5*1 2 2 1 1 1 1 2 
2 2 6*1 2 22 10 26 16 8 8 36 142 15 13*1 138 77 80 71 11 
2 1 2 2 3 4 39 124 83 76 21 192 275 200 161 315 455 630 342 
21 23 204 82 3 3 46 129 186 59 12 9 7 3 2 1 1 1 1 
2 3 2 1 1 1 2 3 2 7*1 6 7 10 10 7 7 63 81 102 
1 1 10*1 167 80 84 155 10 1 1 1 3 5 6 97 257 229 216 197 
83 195 284 309 468 669 835 875 655 249 226 198 16 4 15 82 165 39 21 
13 13 10 5 2 1 1 1 1 7 13 2 1 1 1 3 3 30*1 45 
101 66 2 1 2 1 5 10 134 285 444 541 490 165 27 34 261 517 702 
986 1020 1020 735 516 363 250 8 7 76 161 25 45 158 28 14 9 5 2 
2 3 2 1 2 2 1 1 1 1 4 3 2 30*1 8 3 2 7 43 
116 113 209 440 350 481 606 440 77 101 100 425 610 653 994 1112 992 742 481 
545 197 8 6 68 97 70 95 208 70 13 9 3 2 3 3 2 6*1 3 
11 11 3 30*1 2 2 2 77 275 523 430 414 427 413 464 565 399 203 48 
83 319 444 398 828 868 990 891 682 556 125 47 51 126 225 195 51 156 23 
10 6 3 2 1 2 1 1 1 1 2 2 3 9 145 211 70 13 2 
2 28*1 3 6 201 446 763 662 683 682 654 703 414 353 296 23 129 245 57 
201 472 610 810 729 717 508 122 38 178 243 304 324 46 63 10 11 3 3 
2 2 5*1 2 1 1 1 1 294 138 5 2 2 29*1 19 257 500 893 929 
889 836 813 697 208 106 49 10 66 48 5 72 287 531 573 457 658 427 85 
16 108 174 209 135 70 14 6 5 2 2 2 45*1 199 175 436 875 975 770 
784 609 323 156 35 41 14 3 2 2 16 150 238 378 500 582 208 32 5 
4 5 6 5 4 4 4 2 49*1 189 510 682 675 554 492 302 225 71 11 
28 3 2 2 1 2 12 126 263 414 372 46 2 2 3 2 2 54*1 257 
523 628 601 435 197 108 60 4 5 3 6*2 7 119 180 144 4 1 1 2 
1 7*1 2 48*1 467 403 373 369 292 88 22 4 3 2 2 2 3 2 2 
2 4 29 91 27 2 1 9*1 5 4 3 47*1 226 194 368 299 279 104 14 
6 7 2 3 3 3 2 3 5 5 34 155 3 2 1 2 7*1 8 57 
6 4 48*1 197 256 242 77 36 3 2 3 3 21 5 3 7 39 123 108 
61 48 2 2 3 4 2 6*1 43 50 26 49*1 250 283 115 11 6 3 5 
6 164 139 83 39 120 226 209 100 160 17 5 6 19 17 2 5*1 2 23 
52*1 294 34 7 43 146 165 187 296 169 139 207 262 263 362 329 181 8 18 
10 5*1 2 2 6 54*1 406 269 127 163 268 241 190 355 311 176 267 188 225 
255 267 62 5 65*1 306 190 71 169 158 277 365 222 331 285 312 85 103 110 
68*1 187 35 95 240 325 373 360 326 441 505 104 70*1 213 164 220 329 374 397 
76*1 202 331 420 120*1 4 74*1 107 52 16 25 11 7 4 72*1 12 5 6 6 
4 5 2 2 2 71*1 3 7 5 3 3 3 3 2 2 2 71*1 10 8 
3 1 1 1 2 1 1 3 70*1 10 15 5 4 1 2 2 2 3 4 
5 7 1 1 65*1 216 131 79 28 4 2 2 2 1 1 5 7 6 2 
66*1 268 358 226 36 19 2 5 3 4 1 1 9 42 15 2 4 15 62*1 
130 209 334 396 155 32 4 4 33 52 13 2 4 119 135 33 2 3 4 
3 11 7 57*1 67 99 238 378 409 411 340 100 49 12 166 123 30 18 35 
50 30 7 2 1 2 5 12 9 37 55*1 136 87 125 288 337 330 353 419 
308 186 44 9 16 15 13 23 3 3 8 2 2 2 4 6 6 10 10 
15 51*1 68 256 149 78 242 169 295 198 229 261 146 51 6 5 6 8 16 
6 5 4 5 7 3 5 3 6 9 16 21 10 8 1 47*1 10 8 14 
75 69 109 140 63 146 18 8 8 6 4 2 4 5 7 4 6 5 13 
12 11 8 3 4 9 66 53 26 16 11 7 45*1 16 14 14 46 29 8 
16 20 47 24 3 1 1 2 1 2 2 5 8 9 6 3 4 7 32 
20 8 3 6 14 119 102 37 61 29 16 156 42*1 5 8 19 26 22 29 
42 9 3 2 2 2 6*1 2 7 9 11 4 6 11 13 5 18 12 5 
3 19 213 140 67 146 89 105 85 40 39*1 11 26 11 120 246 72 148 171 
66 5 2 2 2 8*1 5 3 3 11 15 22 41 22 23 16 5 3 13 
174 120 17 91 74 21 7 62 15 8 35*1 2 5 99 227 280 339 330 321 
35 206 80 4 10*1 2 3 3 6 13 23 171 176 51 24 8 7 4 36 
9 22 11 60 74 8 12 117 58 40 3 34*1 2 25 137 169 333 279 367 
88 36 25 17 11*1 2 3 4 6 11 159 336 80 44 18 30 4 5 5 
3 4 7 11 5 7 94 142 72 13 3 6 13 31*1 3 6 40 46 46 
121 223 302 43 45 24 6 9*1 2 3 4 4 7 7 57 159 156 27 17 
164 5 13 3 2 2 4 7 6 12 29 186 54 22 57 28 21 11 14 
1 1 1 1 25*1 4 11 6 58 81 141 96 161 36 104 23 13 8 2 
2 2 1 1 1 2 2 1 2 4 6 40 73 37 112 48 11 10 33 
15 11 10 6 4 7 16 82 43 43 211 187 75 201 171 11 9 25 13 
15 27*1 7 9 86 15 165 178 161 120 59 52 44 21 15 10 3 2 2 
2 3 3 4 2 2 2 3 16 34 81 5 4 2 18 10 9 7 8 
7 11 5 9 17 11 182 464 397 364 249 71 34 21 7 10 11 28 9 
26*1 8 14 36 44 252 312 212 254 511 112 412 344 102 172 6 2 2 18 
12 4 3 3 2 2 2 2 20 87 7 4 2 3 2 13 10 6 5 
5 5 5 8 16 148 525 697 653 274 140 46 38 12 29 62 23 7 25*1 
4 6 49 147 292 537 531 386 636 661 662 495 286 174 48 5 1 2 17 
7 3 5 2 2 2 2 3 7 42 5 4 2 1 1 3 17 10 6 
3 2 4 19 91 231 654 924 783 550 251 32 7 28 81 52 17 4 1 
2 23*1 22 112 54 207 433 539 494 579 764 970 787 444 151 64 17 3 2 
2 6 6 8 9 2 2 3 4 14 92 78 6 3 2 1 1 1 7 
86 5 2 2 3 98 210 402 673 698 802 618 227 18 3 19 121 141 17 
3 24 41 22 21*1 174 140 189 328 247 483 394 375 526 886 1027 601 291 52 
7 2 1 2 3 5 4 33 24 4 24 74 20 83 70 10 2 1 1 
1 1 1 5 22 12 4 2 6 34 254 402 431 533 592 545 168 15 3 
5 60 20 8 7 9 23 25 21*1 309 205 314 484 520 452 440 369 568 894 
788 357 51 52 3 1 1 1 4 6 5 8 8 6 10 15 13 104 33 
2 1 1 2 2 1 1 8 13 8 4 2 7 37 224 252 244 253 461 
350 179 27 1 2 5 13 7 6 20 18 40 48 19*1 113 353 599 361 541 
572 447 382 278 447 564 484 151 14 3 2 2 2 3 6 9 10 44 40 
15 72 22 51 29 6 1 1 1 2 1 1 2 5 8 5 3 4 9 
107 198 136 74 111 41 17 20 2 1 3 6 21 10 57 48 32 55 84 
61 18*1 280 423 494 611 518 372 445 138 105 159 314 197 27 2 1 3 5 
4 4 10 13 66 156 17 16 35 37 6 4 5 2 2 2 1 1 1 
3 6 6 4 3 9 30 17 11 18 22 35 16 10 6 8 16 28 110 
96 50 21 71 80 20 44 135 56 16*1 243 332 339 394 513 280 165 179 167 
66 53 32 4 36 32 17 16 9 10 26 57 149 236 204 63 15 18 4 
5 15 85 7 3 2 1 1 2 4 8 6 5 9 67 60 22 17 18 
33 98 40 21 18 21 80 201 97 43 21 20 106 9 20*1 339 384 297 175 
55 24 131 33 62 35 5 24 128 198 215 130 13 16 182 160 380 396 226 
221 43 13 20 29 46 163 178 115 13 2 2 2 3 3 5 6 8 68 
38 17 17 27 38 578 383 184 71 18 124 170 145 28 37 36 21 25 21*1 
424 268 215 171 75 26 35 41 169 110 114 190 247 169 124 69 30 371 515 
485 538 359 109 244 192 26 60 98 106 220 167 24 22 21 5 4 2 3 
5 15 11 126 75 23 22 30 428 200 458 173 82 146 218 317 348 86 142 
31 13 22*1 136 102 223 144 254 193 181 254 286 304 378 403 190 100 27 28 
213 647 734 598 392 86 30 60 28 93 210 93 198 248 181 67 36 16 10 
14 2 5 4 3 2 20 74 267 33 317 36 271 344 255 169 188 125 351 
129 69 109 52 15 21*1 325 170 278 256 188 162 101 210 323 437 412 410 163 
77 36 52 178 503 793 669 494 421 132 88 21 11 180 182 116 84 253 330 
150 31 18 13 7 3 3 2 2 2 3 93 343 178 72 92 263 384 412 
242 162 228 214 44 17 23 48 22*1 419 363 327 257 141 170 250 166 291 407 
484 238 13 18 15 11 102 529 540 200 358 357 337 227 149 45 71 98 37 
310 285 332 148 231 153 44 30 2 2 1 3 4 5 6 40 70 137 507 
602 425 270 86 139 112 85 91 14 24 21*1 594 549 496 377 307 282 302 321 
239 84 54 209 179 51 11 7 6 13 82 304 322 245 405 436 302 129 52 
19 29 144 240 159 281 270 73 101 136 24 7 3 2 1 3 4 4 6 
10 97 291 491 584 450 324 118 23 10 11 11 10 18*1 338 581 664 602 654 
684 593 414 342 199 128 156 211 19 58 65 25 21 20 26 10 7 15 151 
64 182 433 380 180 16 15 7 5 83 161 246 188 15 26 32 52 9 3 
2 2 1 2 3 4 9 48 231 263 346 336 392 164 21 4 2 2 18*1 
138 166 177 202 394 462 715 774 614 362 112 10 46 164 98 19 21 17 17 
20 24 10 3 3 9 51 18 41 134 70 16 6 9 7 1 2 4 51 
38 15 39 24 8 5 2 3 6 2 4 2 4 19 114 273 359 385 398 
153 47 20 2 18*1 2 4 9 25 17 40 69 82 594 687 628 428 100 31 
68 69 44 18 22 64 128 93 28 5 2 8 37 34 9 9 4 3 6 
10 7 9 1 2 8 51 22 8 6 7 2 2 2 3 12 3 2 4 
4 40 55 268 388 358 185 242 168 110 4 14*1 239 139 26 2 3 4 16 
14 25 67 164 647 789 678 742 636 366 177 92 34 18 20 113 347 452 499 
94 3 4 25 41 39 19 6 5 8 8 11 38 12 4 22 21 47 6 
5 3 2 1 1 2 4 4 2 2 3 21 24 25 91 317 347 275 262 
211 23 37 4 12*1 12 44 9 1 2 2 3 13 49 100 750 804 943 929 
882 739 538 307 182 64 62 30 199 514 442 631 482 50 3 4 4 51 132 
13 6 7 11 11 83 93 32 59 105 26 9 2 2 2 1 1 2 3 
4 4 2 2 5 5 22 6 22*1 3 2 1 1 6 13 46 81 533 652 
883 988 1002 973 748 562 217 73 110 136 88 492 485 520 470 376 31 2 3 
5 44 37 8 5 10 14 27 61 23 20 112 150 12 4 2 2 1 1 
1 3 6 2 3 3 4 6 4 4 24*1 2 1 18 35 22 170 322 516 
783 788 807 931 794 621 366 36 32 188 182 355 655 695 637 545 247 16 2 
3 8 43 6 8 9 9 11 8 7 6 150 252 193 21 2 2 2 1 
1 2 13 32 4 3 4 6 5 4 25*1 48 123 76 52 78 194 281 375 
657 860 1024 873 558 346 45 6 42 101 240 636 874 770 665 465 137 3 3 
3 4 22 8 10 10 12 24 15 31 49 145 159 49 6 2 2 3 2 
2 4 24 57 5 3 4 4 3 27*1 256 46 164 245 180 180 488 763 790 
641 612 338 192 20 83 193 264 390 515 616 665 536 257 65 11 3 7 21 
40 68 125 89 102 148 174 271 271 249 199 9 3 2 2 2 1 1 1 
1 133 22 8 5 4 29*1 217 304 345 356 425 740 817 637 496 298 199 17 
107 313 314 222 400 456 583 602 385 32 11 19 3 4 19 205 207 306 375 
276 259 194 173 143 116 36 5 3 3 2 39*1 183 378 370 336 507 702 708 
652 278 78 31 32 201 343 218 312 276 422 608 362 285 18 2 2 1 2 
11 150 120 311 365 317 201 117 13 7 6 6 2 2 2 41*1 334 377 401 
482 556 541 438 172 99 16 14 103 214 252 276 337 481 418 491 302 31 2 
1 1 2 20 163 234 252 143 239 77 160 22 6 5 3 44*1 288 387 511 
493 522 464 266 234 16 5 24 206 210 187 303 401 373 555 498 226 44 2 
1 1 2 6 13 12 19 27 10 15 115 4 4 4 3 45*1 816 873 527 
445 340 211 130 16 38 133 231 284 65 234 351 468 481 368 84 2 1 1 
1 2 51 14 6 9 11 10 13 18 3 3 4 4 45*1 857 779 409 278 
181 166 153 44 272 608 471 610 355 363 368 252 321 126 8 2 1 1 2 
2 15 5 5 7 8 7 59 38 15 10 5 47*1 456 256 76 28 125 103 
137 530 623 757 910 873 671 333 327 211 44 2 1 1 1 1 2 29 7 
6 7 10 8 19 20 22 49*1 341 271 240 131 142 256 363 517 607 803 1078 
1026 884 708 614 325 18 9 2 1 2 2 63 235 119 8 8 11 19 12 
52*1 436 361 316 261 396 675 931 877 982 1121 1007 984 722 646 300 96 23 28 
2 5*1 14 30 122 54*1 378 363 230 331 510 754 1014 1098 1086 1142 1123 919 757 
694 249 47 94 65*1 359 322 547 840 936 1031 1106 1080 1146 1149 1007 945 764 226 
68*1 843 940 895 1042 1114 1123 1110 1183 1162 929 788 70*1 893 731 811 892 1103 1141 
76*1 563 642 936 195*1 102 1 1 2 79*1 4 1 1 1 2 71*1 3 1 1 
1 1 3 17 1 1 2 76*1 15 30 1 6 29 70*1 2 1 1 1 1 
7 20 2 37 93 252 130 67*1 3 14 40 2 1 1 15 7 3 60 217 
368 327 111 66*1 4 52 114 66 1 2 1 3 4 31 14 406 343 314 102 
18 6 62*1 19 8 129 290 153 5 6 22 7 55 89 51 86 317 249 75 
22 3 63*1 5 57 409 373 302 237 128 66 48 67 30 2 46 77 70 82 
3 5*1 2 57*1 4 14 116 545 476 543 431 126 25 16 2 1 1 2 1 
2 10 2 1 1 2 1 5 18 3 4 51*1 2 2 2 1 5 7 168 
439 609 542 321 79 7*1 2 3 1 1 2 5 21 27 3 15 66 20 1 
1 1 1 45*1 2 2 2 1 1 3 6 181 356 514 458 282 58 7*1 2 
2 2 1 2 2 3 2 8 67 81 80 39 45*1 3 2 2 2 2 1 
1 2 3 5 35 124 201 288 208 10 7*1 2 5 59 6 19 9 2 2 
10 49 47 241 306 343 42*1 3 7 5 2 2 3 3 2 1 2 3 3 
5 9 64 147 11 1 1 6*1 2 121 40 37 27 2 3 4 6 72 74 
314 467 427 54 39*1 6 25 3 10 17 1 2 4 13 61 7 11 9 7 
6 9 33 3 7*1 2 2 40 311 216 42 25 25 2 37 122 116 204 414 
577 364 113 12 3 35*1 30 33 35 18 2 7 2 2 3 112 257 238 119 
40 20 5 2 4 8*1 3 3 25 131 296 292 136 10 35 51 174 212 279 
339 477 515 282 61 9 3 34*1 79 235 283 83 1 2 2 3 6 125 255 
424 444 194 57 12 2 2 2 1 6*1 2 19 7 31 100 195 168 11 26 
200 230 229 265 332 371 575 509 243 20 4 2 34*1 44 179 21 8 3 2 
4 76 228 388 423 483 308 211 52 2 2 3 2 1 1 1 1 1 1 
2 48 41 20 67 42 55 198 57 105 259 375 395 328 351 408 618 480 183 
38 11 2 1 1 1 20 29*1 216 284 291 268 45 18 39 101 211 358 590 
582 352 204 109 8 6 19 7 6*1 3 108 99 27 29 54 36 17 222 144 
199 263 591 497 311 255 370 496 365 263 199 137 4 2 1 2 17 149 27*1 
14 107 126 44 34 3 21 43 223 323 389 627 421 135 2 4 13 7 30 
4 1 1 1 1 2 19 64 69 37 20 3 4 2 190 210 270 269 425 
647 582 361 425 628 513 364 393 305 121 4 2 2 2 4 10 106 26*1 12 
57 25 2 2 2 3 12 38 80 188 296 30 2 1 1 1 3 13 3 
2 1 1 2 16 151 180 163 115 55 3 1 2 184 204 283 390 564 590 
478 422 544 659 502 442 425 285 42 4 2 2 1 2 23 167 175 24*1 12 
16 62 21 2 2 3 2 2 3 8 107 9 2 6*1 2 1 1 1 8 
94 192 219 227 70 3 1 1 1 23 185 170 424 421 289 282 242 315 321 
336 297 144 209 50 4 1 1 1 2 54 158 261 402 1 22*1 74 208 337 
239 39 8 2 2 2 3 3 4 2 6*1 4 2 2 1 6 15 2 75 
174 137 13 1 1 1 1 8 55 144 310 283 271 235 98 86 70 156 58 
28 77 15 1 1 1 1 3 6 39 182 292 300 21*1 94 148 440 518 378 
288 139 2 2 2 2 17 2 2 1 1 1 1 1 1 16 8 2 5 
36 15 2 5 58 3 2 5*1 19 182 219 141 186 12 41 80 9 67 33 
13 3 2 1 1 1 1 2 26 62 132 273 118 21*1 160 227 228 385 404 
321 108 6 2 2 2 3 2 5*1 2 2 16 12 1 1 2 2 2 3 
2 7*1 5 46 19 8 14 11 113 57 25 59 47 3 2 5*1 4 13 47 
43 166 115 19 19*1 212 454 484 430 320 338 390 131 36 2 2 3 18 5*1 
3 3 3 2 2 15*1 2 4 7 7 7 76 59 50 42 30 3 2 1 
1 1 2 5 34 207 155 136 168 149 32 10 18*1 230 489 577 462 306 311 
312 83 43 15 19 41 6 1 1 2 6 38 48 4 2 18*1 4 8 9 
13 155 95 28 82 83 5 2 1 1 1 4 11 210 343 275 190 154 96 
19 2 3 16*1 75 234 479 526 427 114 323 211 182 28 46 8 2 33 11 
11 35 98 92 9 16 38 16*1 2 4 12 45 50 85 44 16 11 11 10 
4 3 2 1 3 52 101 282 402 250 107 75 20*1 38 221 291 345 300 277 
295 246 183 154 7 4 3 48 32 89 69 147 51 8 42 38 16*1 3 22 
47 282 64 36 20 20 11 7 10 3 4 2 3 29 138 232 294 279 156 
30 21*1 73 144 157 160 260 281 313 174 31 33 33 11 6 3 4 58 155 
235 268 226 99 39 2 15*1 19 141 358 481 202 409 436 166 13 6 4 3 
2 2 7 30 69 338 347 190 121 1 1 1 19*1 220 194 144 123 265 349 
392 260 92 39 15 3 2 2 4 6 109 381 375 267 52 3 2 14*1 2 
56 347 276 580 203 145 207 15 6 6 3 3 2 6 57 69 195 252 114 
67 91 21*1 419 356 324 241 486 598 721 502 323 275 192 11 4 2 1 2 
27 147 230 219 289 71 3 9*1 2 5*1 2 24 302 463 505 244 28 14 4 
4 5 4 24 53 28 138 144 100 68 37 48 22*1 469 519 425 597 771 773 
586 387 317 250 152 55 2 1 1 1 21 107 126 233 240 93 34 2 1 
3 1 1 3 2 1 4 2 2 1 1 1 1 3 13 293 338 323 136 
20 10 6 7 13 17 40 231 125 33 8 15 23 9 1 20*1 287 268 412 
512 637 893 900 679 300 114 50 17 7 15 2 2 1 1 2 16 97 194 
156 148 147 4 35 60 23 66 24 10 28 6 1 2 4 1 1 1 3 
10 151 322 185 24 12 7 8 34 58 15 150 156 61 8 5 3 2 18*1 
25 117 52 108 290 367 507 746 977 954 927 292 5 5 6 2 3 6 4 
2 2 1 1 4 19 12 101 241 141 56 193 144 148 186 160 155 189 39 
1 2 2 2 2 3 8 25 57 240 137 21 24 19 12 40 104 148 194 
77 30 9 2 18*1 2 2 2 10 10 175 377 637 991 1077 1091 885 589 89 
4 2 2 1 3 5 7 2 1 1 1 7 7 2 40 122 40 122 231 
231 330 497 465 356 243 35 2 1 1 2 4 7 13 28 68 198 121 122 
44 7 8 34 145 336 272 113 68 8 3 16*1 27 18 2 1 1 3 8 
28 353 890 1152 1148 981 670 375 68 2 2 3 3 50 37 8 6*1 2 16 
24 2 22 139 220 527 500 498 405 159 23 2 2 2 2 5 11 10 18 
16 77 116 31 14 2 22 272 311 429 536 225 101 31 13*1 284 142 11 11 
14 2 1 1 1 2 8 65 464 878 1077 1025 850 461 221 29 5 3 4 
66 251 213 56 1 1 1 2 2 1 1 2 2 3 9 62 254 372 449 
458 173 9 4 3 3 3 3 6 6 10 14 8 4 16 5 2 13 201 
487 546 667 653 524 415 183 12*1 106 117 83 58 28 4 1 1 1 1 4 
97 421 682 970 1036 1017 875 374 50 30 8 9 68 291 357 240 43 2 1 
1 2 5*1 2 90 326 253 266 432 393 207 11 2 4 7 7 8 23 15 
11 7 4 3 4 4 3 1 1 20*1 58 346 236 25 2 1 1 2 2 
60 329 579 832 1053 1095 1050 676 214 58 54 129 203 291 362 439 152 26 4 
2 2 7*1 102 204 223 176 276 217 108 19 3 5 11 10 15 70 20 13 
6 2 2 2 2 24*1 361 167 118 34 1 2 8 40 279 500 713 962 1091 
1036 849 452 231 267 124 262 496 463 390 278 30 14 2 2 2 7*1 8 78 
194 200 233 102 30 36 5 4 6 7 10 16 19 8 3 2 2 26*1 398 
299 226 50 3 5 49 327 520 662 863 1011 872 828 536 112 310 471 165 348 
495 434 291 73 2 2 2 4 2 7*1 8 86 175 389 328 146 37 115 8 
20 3 2 4 6 8 5 3 2 2 27*1 617 418 148 62 131 291 535 737 
652 755 823 698 573 267 92 374 312 432 427 423 391 170 41 2 2 2 9 
2 2 5*1 2 9 111 223 341 322 315 225 160 4 1 1 1 1 3 2 
32*1 903 540 550 444 531 727 654 476 294 429 309 218 482 312 257 212 558 517 
491 348 74 11 17 2 2 3 2 1 1 1 1 2 2 4 14 115 306 
347 388 376 250 46 39*1 1023 848 774 763 852 889 642 459 79 94 98 31 458 
666 512 402 287 436 463 203 29 6 37 7 12 7 2 2 1 1 25 93 
126 205 190 306 469 406 302 247 92 41*1 864 984 940 1029 781 693 387 341 255 
89 91 365 634 464 207 64 149 189 73 11 18 7 28 117 41 116 82 55 
53 189 507 671 731 659 731 593 442 299 98 42*1 1059 1035 1107 1095 829 765 691 
585 296 227 243 608 603 596 319 219 213 158 20 5 52 25 75 164 338 340 
313 196 118 414 965 1022 1017 822 842 677 466 231 44*1 1004 941 952 747 763 603 
692 955 722 724 609 607 317 130 261 202 133 54 8 48 121 59 218 373 433 
422 372 458 771 993 1009 887 843 889 729 435 1 1 43*1 1025 675 583 821 913 
655 872 973 916 730 715 590 425 381 242 246 334 170 67 93 321 100 144 198 
385 428 420 439 708 767 568 549 659 640 566 47*1 311 508 1080 1134 818 246 439 
866 818 770 587 378 201 292 424 375 193 168 235 429 362 250 362 497 450 342 
284 476 445 328 303 357 1 48*1 357 904 925 1108 1127 616 729 833 744 504 461 
463 507 544 486 340 335 350 203 409 350 179 429 472 307 237 150 186 259 162 
52*1 673 840 919 995 1015 741 737 559 431 508 602 681 564 507 355 308 234 277 
271 1 1 1 1 1 97 26 18 54*1 810 720 800 826 810 691 644 639 490 
640 775 830 714 363 236 189 222 65*1 699 585 510 549 502 464 557 621 933 895 
939 793 351 246 68*1 489 420 377 403 421 560 692 1109 1130 1016 852 1 1 1 
67*1 603 409 194 381 570 798 76*1 410 412 596 1430*1 75 80*1 174 10 1 1 46 
75*1 199 206 83 1 2 8 73 73*1 322 446 343 83 32 37 122 145 197 1 
1 65*1 102 227 321 375 471 744 670 245 104 132 117 35 11 43 115 1 1 
1 1 60*1 190 199 215 351 420 375 340 1145 477 316 282 218 219 64 4 4 
133 23 62*1 153 216 142 48 196 305 339 530 717 366 262 263 306 184 24 2 
20 197 192 56 60*1 337 127 31 3 41 208 278 286 621 740 296 105 121 254 
76 1 1 14 190 220 92 123 59*1 311 228 7 1 165 202 239 332 372 336 
197 16 25 239 4 4 2 35 119 105 13 52 58*1 105 342 192 40 46 156 
158 7 41 218 114 19 39 260 18 2 4 7 27 19 15 2 11 3 56*1 
105 24 107 205 30 105 140 4 3 11 44 18 5 38 219 78 2 3 6 
11 4 2 7 3 5 2 55*1 10 6 68 224 112 75 84 4 5 5 6 
3 6 75 189 15 2 5 21 47 4 5 2 2 1 2 4 16*1 329 337 
1 1 1 1 34*1 183 150 30 25 28 1 2 4 3 5 8 123 202 18 
3 6 11 4 27 22 2 1 1 1 1 16*1 672 234 39*1 17 1 1 2 
1 1 2 2 3 5 46 78 5 2 3 2 2 2 2 21*1 347 183 39*1 
16 4 6*1 2 5 14 8 2 2 1 1 2 2 22*1 331 308 40*1 3 10*1 
2 3 15 3 2 4 21*1 461 183 253 40*1 244 9*1 6 5 97 134 44 6 
22*1 479 395 1 1 1 48*1 65 189 285 296 69 21*1 737 1040 611 1127 40*1 2 
1 1 2 2 2 1 1 5 5 31 183 373 422 301 18*1 195 372 508 1183 
1181 1182 1180 1189 39*1 240 55 13 3 73 26 2 2 8 23 39 118 336 477 
401 17*1 124 461 444 453 1111 1134 1189 1187 1190 39*1 28 91 148 45 110 89 111 
7 3 41 177 232 228 321 413 17*1 327 302 214 250 418 1150 1188 1188 1190 40*1 
21 125 185 22 135 112 141 66 61 204 374 278 184 360 18*1 344 203 125 339 
804 1 1 37*1 2 2 1 1 1 5 63 94 365 291 248 254 200 271 359 
457 368 460 775 1 1 10*1 106 50*1 2 1 1 1 3 24 132 567 25 22*1 
387 324 51*1 2 2 33 259 240 24*1 262 253 167 49*1 14 22 100 279 25*1 373 
301 198 296 218 178 1 1 1 19*1 75 23*1 2 2 67 27*1 360 291 161 709 
1026 846 13*1 321 359 250 245 465 466 330 334 75 5 1 2 1 1 2 268 
105 98 111 161 12*1 2 114 29*1 891 937 1106 1177 1190 1078 1045 1180 1177 1187 1187 
1 1 1 1 359 452 483 280 344 303 319 422 358 265 491 50 63 94 42 
1 4 13 40 155 166 229 337 415 477 220 40*1 1188 1186 1189 1190 1190 1190 1169 
1190 1185 1178 1148 1106 425 691 402 371 478 532 672 477 542 362 366 371 442 533 
398 130 147 84 20 22 149 275 179 224 210 397 588 552 513 41*1 1185 1190 1189 
1189 1159 1190 1190 1190 1189 1190 1161 1027 953 410 550 921 997 949 610 781 545 727 
1043 862 948 342 105 150 147 121 279 522 428 284 336 408 852 413 644 42*1 1175 
1188 1148 9*1190 1144 859 487 685 736 661 796 992 884 1050 1073 1186 1042 326 37 62 
53 165 411 676 464 577 946 652 664 525 44*1 1179 1174 9*1190 1186 818 464 313 317 
561 911 1135 1158 1180 1131 1169 958 294 132 40 109 110 226 315 417 865 772 480 
163 45*1 1169 1190 1190 1190 1175 5*1190 1182 1113 509 278 195 194 475 913 732 765 1030 
852 924 522 118 11 21 22 5 144 118 360 444 258 190 47*1 1112 1187 1117 1151 
1187 1173 1185 1190 1109 955 714 488 399 225 256 364 473 603 645 525 537 669 369 
46 2 2 1 2 10 27 164 144 1 1 1 46*1 918 1042 1101 1154 1133 1039 
1019 1123 979 885 745 559 532 373 328 552 507 590 570 341 323 434 122 8 1 
1 1 1 2 5 52*1 708 901 1010 674 642 742 958 965 995 944 793 573 233 
316 496 419 511 399 60 1 1 1 1 1 1 1 2 54*1 690 654 693 553 
637 627 714 1026 1168 1077 1073 537 226 314 418 330 298 65*1 565 540 518 444 470 
745 1169 1188 1161 971 633 563 544 485 68*1 485 473 410 714 1074 1189 1190 1138 992 
855 927 1 1 1 67*1 602 572 751 1049 1144 1166 76*1 813 937 1154 2809*1 182 374 
307 171 75*1 245 318 840 507 273 76*1 344 620 406 180 76*1 315 1110 1157 817 77*1 
349 637 1146 77*1 381 310 612 1085 1604*1 2 74*1 16 3 1 1 2 2 73*1 2 
2 2 78*1 2 2 1 1 1 1 2 2 2 76*1 2 2 2 72*1 3 2 
2 2 1 2 2 2 1 1 1 2 68*1 2 2 1 2 3 3 3 3 
2 2 70*1 2 2 1 1 2 4 6 3 2 2 6 2 1 1 3 23 
1 1 63*1 2 1 2 2 5 3 4 2 22 41 18 3 1 1 3 24 
89 20 9 62*1 3 3 3 3 6 9 6 23 92 88 18 2 1 1 7 
43 65 40 8 3 61*1 2 3 3 4 4 18 18 126 144 72 16 1 1 
15 38 50 41 21 4 2 1 2 59*1 2 3 2 2 5 15 61 159 90 
26 2 1 14 113 93 64 5 5 3 2 2 2 4 58*1 2 2 2 2 
3 8 41 88 24 4 9 43 65 135 76 3 5*2 3 4 5 1 44*1 2 
2 10*1 2 2 2 7 21 4 8 14 2 3 7 14 33 17 2 1 1 
1 2 2 2 4 4 6 36 42*1 20 7 2 2 10*1 2 2 2 3 5 
12 11 3 7 11 8 3 2 2 6*1 3 5 5 8 8 13 1 1 37*1 
4 3 4 3 2 2 13*1 2 3 14 13 21 89 47 14 2 2 7*1 2 
3 4 4 4 4 2 2 1 34*1 2 5 12 16 22 5 3 2 13*1 3 
8 77 94 94 125 76 4 9*1 5*2 37*1 2 8 25 26 55 4 7 3 2 
12*1 2 24 26 137 177 99 30 62 2 8*1 2 3 2 2 39*1 11 39 104 
101 20 3 3 13*1 2 11 95 118 180 171 116 48 24 8*1 2 4 3 2 
1 1 1 1 35*1 3 47 95 54 155 12 5 3 10*1 2 2 1 2 40 
102 71 170 125 116 59 3 1 1 1 1 1 4 2 2 2 4 3 2 
38*1 3 21 54 25 226 128 15 4 3 8*1 5*2 8 69 86 70 104 104 29 
17 2 1 1 1 1 2 3 4 3 3 5 3 2 2 37*1 17 94 29 
330 403 191 18 11 3 8*1 5*2 4 10 23 19 89 54 8 3 5*1 2 3 
4 3 3 5 7 10 2 2 2 6*1 2 2 2 2 24*1 29 71 133 199 
398 462 307 154 35 5 9*1 2 2 2 2 4 20 12 8 65 47 7 5*1 
2 3 4 5 3 5 5 7 2 2 2 5*1 2 7 11 9 4 8 4 
23*1 64 198 232 374 448 494 318 153 12 16 2 11*1 2 8 4 4 4 7 
6 2 5*1 2 4 6 5 3 3 4 3 2 2 2 1 1 1 1 2 
26 106 105 43 35 27 13 6 21*1 6 125 216 300 411 432 341 248 103 52 
28 3 10*1 2 2 5 2 1 3 3 3 2 5*1 2 5 10 6 2 2 
3 2 7*1 2 48 238 163 143 68 106 61 36 21*1 6 103 157 271 541 600 
310 162 34 22 31 2 1 1 1 1 1 1 1 1 2 1 1 2 2 
10*1 2 10 18 114 37 2 10*1 2 33 104 187 175 119 165 103 175 129 19*1 
2 3 16 113 187 267 386 244 164 38 30 8 2 6*1 2 2 2 1 13*1 
3 10 61 73 6 2 10*1 3 18 20 45 12 156 128 217 308 228 196 1 
1 1 1 14*1 2 4 5 13 11 18 104 137 91 48 10 2 7*1 3 2 
2 13*1 2 4 72 130 31 2 2 2 9*1 2 2 8 49 80 116 188 241 
201 263 266 148 16*1 3 3 5 5 5 5 4 8 4 13 19 2 1 1 
2 2 1 1 1 2 4 5 2 13*1 3 27 40 167 89 6 5 5 9*1 
2 2 2 18 107 156 225 219 20*1 9 8 13 2 3 3 2 2 2 2 
1 1 7*2 3 10 36 3 13*1 2 6 21 168 74 50 7 3 2 8*1 2 
1 1 4 87 191 209 21*1 13 12 2 2 3 2 1 1 1 2 2 1 
1 2 2 2 18 25 24 9 12 21 2 2 2 2 10*1 4 2 5 70 
45 87 4 5 3 5*2 1 1 1 2 1 1 2 10 94 22*1 2 1 1 
1 2 1 1 2 3 6 10 2 1 2 2 2 3 17 29 6 2 3 
2 2 2 1 2 2 6 2 7*1 2 4 33 79 27 3 3 2 2 2 
3 3 2 6*1 2 18 43 21*1 4 2 1 1 1 2 4 20 19 22 76 
41 21 4 3 11 8 4 17 4 6 3 3 2 3 2 2 6 3 4 
4 2 2 1 1 1 1 1 1 2 17 7 2 4 4 2 2 3 4 
3 2 6*1 3 39 22*1 3 2 1 1 2 9 26 96 134 113 95 29 12 
5 4 15 32 6 11 27 82 44 4 4 16 4 4 4 5 3 6 6 
7 2 5*1 2 3 2 2 2 2 2 4 4 4 2 7*1 5 21*1 2 4 
3 2 2 2 7 37 108 263 222 59 19 4 4 10 4 11 16 10 17 
119 236 119 30 15 19 10 5 8 7 3 4 7 5 2 1 1 1 1 
2 2 2 2 1 2 2 3 4 3 2 30*1 2 2 3 3 3 2 19 
79 181 395 197 6 2 2 3 4 2 12 31 107 165 255 237 128 68 51 
17 6 3 4 2 2 18 9 2 1 1 2 1 1 6*2 3 2 3 2 
32*1 3 15 9 2 3 47 138 239 295 82 4 2 2 1 1 2 40 68 
191 303 253 172 101 31 64 85 30 2 2 8 17 13 7 2 1 1 7*2 
1 1 2 2 2 1 1 1 2 29*1 3 8 2 2 4 31 73 141 131 
39 5 2 1 1 1 9 73 134 309 342 243 214 171 59 79 82 31 8 
19 73 42 10 4 1 1 1 1 5*2 1 1 1 1 2 1 1 2 2 
2 1 1 2 23*1 2 2 4 2 2 1 2 5 7 17 111 110 53 7 
2 1 1 1 7 57 184 190 259 126 246 208 179 77 43 43 44 96 80 
23 5 2 1 1 1 1 2 2 1 2 2 2 1 1 1 5*2 17 3 
2 2 21*1 2 2 2 6 22 7 3 2 2 3 7 8 36 141 99 12 
3 1 1 2 4 17 194 207 171 230 379 217 195 160 61 34 88 81 27 
9 7 2 1 1 1 1 2 7*1 3 24*1 2 6*1 3 7 8 80 11 4 
2 2 6 13 6 31 91 12 5 3 1 2 3 5 15 102 104 100 303 
376 227 280 77 77 84 71 19 5 3 2 2 1 1 1 1 2 1 1 
1 1 2 2 2 31*1 3 45 29 9 22 8 2 2 3 6 9 8 13 
50 8 6 4 8 7 3 5 17 113 61 54 171 260 156 81 32 19 47 
28 4 2 1 2 1 1 1 1 2 5 2 1 1 1 1 2 31*1 2 
5 46 99 28 12 4 2 2 4 6 8 8 44 50 10 9 10 7 5 
5 17 70 138 47 20 66 58 69 37 21 17 7 19 3 2 3 2 1 
1 1 1 12 21 6 2 2 33*1 2 3 14 49 55 46 34 5 3 4 
4 7 5 5 10 12 14 13 8 6 4 5 52 120 137 89 35 41 94 
115 24 51 9 7 8 2 3 2 2 5*1 25 3 32*1 2 2 4 2 3 
13 56 36 62 3 2 5 4 6 5 4 4 5 10 10 9 10 8 4 
2 12 61 92 99 56 85 103 47 8 8 3 2 2 43*1 2 3 3 2 
6 18 47 22 2 1 1 4 5 4 3 3 3 4 4 5 16 11 8 
3 3 10 48 29 22 6 15 23 4 49*1 4 5 5 7 5 5 2 2 
1 2 2 4 7 3 2 3 3 4 7 12 10 6 3 2 4 6 3 
2 2 2 2 50*1 4 7 8 5 2 5*1 2 4 2 3 2 2 3 5 
7 10 9 5 4 2 58*1 89 7 4 9*1 2 2 2 8 10 9 8 9 
6 3 2 2 2 1 2 2 2 52*1 14 5 4 2 1 1 1 1 2 
1 1 1 2 2 2 5 6 7 6 6 3 3 3 3 2 1 2 1 
2 53*1 5 4 2 1 1 1 1 2 1 2 2 2 2 3 20 46 6 
6 5 4 3 3 4 2 1 1 2 2 53*1 10 3 2 1 1 1 2 
2 6 10 6 2 3 4 43 53 22 30 7 5 8 11 11 2 58*1 9 
2 1 1 2 3 6 35 31 6 4 3 3 6 26 40 35 5 4 62*1 
5 3 1 2 2 13 28 122 83 33 5 3 4 7 15 5 6 65*1 2 
2 2 3 20 82 193 83 59 10 3 5 3 2 68*1 2 3 4 90 236 
271 188 78 19 9 6 70*1 3 4 16 162 344 310 76*1 15 60 210 120*1 25 
1 1 74*1 2 2 1 7 39 79*1 10 9 79*1 2 5 71*1 4 1 1 1 
2 1 2 1 1 3 70*1 9 15 2 3 3 3 4 3 2 2 2 2 
67*1 5 39 20 18 31 36 53 5 8 3 2 2 2 2 66*1 3 111 93 
13 47 114 104 52 72 20 3 6 17 7 3 11 27 62*1 12 4 127 195 
32 11 68 50 188 242 64 6 4 7 15 6 3 10 3 3 2 58*1 3 
4 5 5 93 349 165 101 223 201 164 158 59 13 16 4 3 2 2 2 
2 59*1 2 3 7 25 35 172 164 54 196 164 206 26 7 6 5 3 2 
3 3 14 2 1 2 57*1 2 2 2 2 5 55 176 183 72 87 127 23 
3 3 2 2 2 2 3 16 10 4 56*1 2 2 5*1 3 45 76 98 84 
34 57 5 2 2 1 1 1 1 3 4 5 2 8*1 2 45*1 3 3 2 
7*1 5 4 13 16 2 3 3 2 5*1 2 4 4 3 6*1 2 2 2 2 
1 1 1 1 38*1 2 2 2 2 5 3 12*1 2 2 6*1 2 3 2 1 
1 1 3 4 4 2 4 3 2 41*1 2 2 4 4 4 5 2 17*1 5*2 
1 1 1 1 6 14 7 6 7 3 41*1 2 2 4 5 3 3 2 2 
17*1 2 2 3 1 2 1 2 2 3 7 13 7 5 3 2 42*1 2 20 
5 6 5 4 2 2 17*1 4 2 2 3 3 8 3 3 7 4 2 3 
3 7*1 2 33*1 2 2 2 3 5 10 29 7 4 2 17*1 2 1 2 10 
24 6 6 17 19 4 1 2 5 3 2 2 2 2 1 2 18 22 29*1 
2 1 1 2 2 2 2 8 9 10 11 4 2 18*1 2 1 5 30 7 
9 24 6 6 2 4 14 16 18 3 3 3 2 3 5 23 16 27*1 3 
2 2 2 3 4 19 62 6 13 12 6 3 2 17*1 2 4 27 39 73 
11 11 6 12 2 9 54 25 89 13 2 2 2 3 2 3 43 9 5 
1 25*1 2 1 1 3 5 15 107 98 27 132 7 3 2 5*1 2 12*1 2 
3 75 149 47 43 8 10 3 3 5 96 129 63 33 2 2 3 10 14 
44 48 77 3 26*1 2 1 1 2 7 93 124 131 135 48 3 2 2 1 
1 1 2 2 5 2 2 6 8*1 2 2 3 24 84 117 10 3 1 1 
2 8 52 132 177 128 44 5 3 8 29 22 20 7 2 29*1 2 4 23 
46 132 198 15 2 2 2 1 1 1 3 5 6 24 3 5 8*1 2 1 
2 7 64 43 8 1 1 1 2 5 40 106 198 79 37 5 3 3 6 
25 3 2 1 2 5 3 21*1 5*2 3 3 9 42 60 66 8 2 5*1 12 
19 21 14 6 5 2 3 2 9*1 2 4 1 1 1 1 1 3 4 67 
87 27 29 3 2 2 3 8 3 1 4 5 3 3 22*1 2 2 2 3 
5 4 4 6 86 56 13 1 2 2 1 1 2 9 28 9 5 7 4 
3 3 2 16*1 2 3 18 42 34 9 2 1 3 24 66 11 6 15 5 
4 4 7 24*1 2 3 3 2 4 17 53 7 5*2 3 4 7 3 7 12 
8 5 3 2 1 1 1 12*1 2 3 3 4 4 2 1 1 2 6 144 
117 10 8 8 4 2 3 12 4 24*1 2 2 2 4 21 22 2 1 1 
1 3 3 3 3 5 7 10 9 7 4 2 2 2 3 12*1 2 2 1 
1 2 2 1 1 2 8 66 105 7 4 68 30 4 2 1 2 2 25*1 
2 2 2 3 7 5 2 1 2 3 3 3 4 3 6 7 4 3 4 
3 3 3 4 2 2 2 1 1 1 1 5*2 3 2 1 1 2 1 1 
2 4 16 43 64 142 165 154 97 12 29*1 3 4 2 4 34 10 3 2 
6 6 8 10 39 7 9 6 3 2 3 3 2 2 5 5 47 12 2 
1 1 1 2 5 3 2 2 2 1 1 2 2 2 4 2 5 21 38 
148 276 188 121 55 4 29*1 2 4 7 85 64 3 18 24 9 14 44 46 
52 10 5 4 3 5*2 5 74 69 32 6 1 1 2 3 2 8 2 2 
2 1 2 1 2 2 4 2 11 84 15 277 281 85 119 83 30*1 2 2 
3 19 15 39 79 70 19 36 127 89 11 5 3 3 2 2 1 1 2 
2 17 15 12 7 3 2 2 2 5 3 2 2 5*1 2 2 2 2 4 
4 20 46 17 6 6 34 21*1 2 8*1 2 2 2 9 26 27 195 187 101 
56 90 19 4 2 2 2 1 1 1 1 2 2 3 2 3 10 2 2 
2 2 7 3 2 2 1 1 1 1 3 7 3 2 2 2 4 9 12 
3 2 4 22*1 2 1 1 1 1 1 2 2 3 2 2 2 2 4 5 
12 53 64 50 8 2 2 4 3 2 1 1 1 5*2 3 3 1 1 1 
1 3 3 3 5*1 3 4 4 3 3 4 6 5 5 3 3 21*1 6*2 6 
22 5 3 3 3 2 2 2 2 3 5 9 11 7 3 2 13 12 2 
2 5*1 2 2 2 2 5*1 2 7*1 2 2 3 3 3 3 2 2 2 5 
21*1 2 2 30 18 2 2 2 4 2 3 2 3 2 1 2 2 2 2 
3 4 5 4 3 4 94 17 2 22*1 2 2 2 4 4 2 1 1 1 
23*1 2 3 121 46 3 2 1 1 1 1 2 2 2 1 1 1 1 2 
2 3 3 3 3 4 3 3 5 2 1 1 1 12*1 2 1 1 1 1 
2 2 2 2 3 2 2 26*1 4 7 60 26 2 6*1 2 2 2 1 1 
1 2 2 2 4 8 5 3 1 4 43 28 8 18*1 2 2 3 3 3 
4 2 26*1 2 3 6 12 4 2 6*1 5 23 6 3 2 1 2 3 4 
7 16 2 2 7 11 84 17 5 2 17*1 2 3 2 3 2 2 27*1 2 
3 9 3 2 1 1 1 1 1 1 3 36 6 6 2 2 1 1 1 
8 21 5 2 3 10 154 101 96 4 2 3 2 47*1 3 6 7 7 3 
7*1 3 4 3 2 5*1 2 5 3 2 5 35 74 214 13 3 4 13 3 
12*1 2 2 33*1 4 3 3 7 2 7*1 2 2 2 6*1 2 2 13 7 6 
77 133 16 3 4 16 16 3 7*1 2 1 1 2 1 1 1 1 30*1 2 
2 4 5 1 2 10*1 2 1 1 6*2 36 50 36 73 63 10 5 7 28 
5 7*1 2 2 1 2 34*1 2 2 5 6 2 16*1 2 3 2 3 3 13 
11 11 23 14 14 6 10 4 2 8*1 2 2 2 3 2 32*1 2 2 3 
2 17*1 2 2 1 3 6 9 9 10 6 3 3 8 5 2 46*1 2 2 
2 2 20*1 2 4 12 20 4 2 1 2 2 2 47*1 2 1 1 2 2 
18*1 4 10 9 34 21 10 2 51*1 2 2 15*1 2 2 2 1 2 4 9 
25 21 26 5 2 51*1 2 2 1 1 1 1 2 1 1 2 2 2 5*1 
2 2 2 1 1 1 4 14 26 9 2 2 52*1 2 2 1 1 1 2 
2 1 2 5 3 2 11*1 11 36 21 3 5*1 2 4 2 1 1 1 51*1 
4 5*2 4 3 5 9 2 1 1 1 2 30 48 30 2 1 1 1 1 
2 2 52*1 2 1 1 4 2 2 2 6 37 48 7 3 4 6 1 1 
1 1 2 11 21 6 2 2 60*1 5 37 3 2 3 84 65 4 2 1 
2 1 8*1 2 2 59*1 33 16 25 42 22 38 4 2 72*1 5 22 25 165 
174 53 2 5 2 2 1 1 67*1 3 3 13 88 225 277 99 48 3 3 
3 70*1 3 3 33 92 167 304 76*1 13 46 108 120*1 156 76*1 3 3 4 13 
73 74*1 2 2 2 2 3 6 6 74*1 2 2 4 2 4 2 2 1 74*1 
2 11 3 3 2 2 71*1 2 1 1 1 1 2 2 3 2 20 6 67*1 
5 8 4 4 1 1 1 1 2 2 2 5 4 30 66*1 5 25 4 9 
10 7*1 3 3 6 3 3 62*1 9 9 6 10 24 4 3 6*1 2 3 17 
9 3 4 2 59*1 5 3 8 171 130 19 9 4 4 2 1 1 1 1 
2 2 18 49 10 4 4 2 2 2 2 55*1 2 3 2 65 183 17 12 
12 9 5 2 1 1 2 2 3 5 74 221 21 8 5*2 54*1 2 3 3 
6 99 44 14 11 13 9 4 2 1 1 1 2 2 4 21 21 3 1 
2 3 3 4 3 2 54*1 2 2 5 9 10 9 60 9 6 33 3 1 
1 1 1 2 5 22 11 1 2 2 7 9 8 4 2 2 55*1 6 23 
51 7 15 5 18 17 4 5*1 2 2 2 3 3 8 10 11 6 3 3 
2 45*1 2 1 1 2 1 1 2 2 1 1 2 55 8 3 4 8 9 
4 2 1 1 1 1 2 3 5 7 5 4 18 7 6 12 18 29 4 
2 2 2 40*1 4 3 2 1 2 2 1 1 3 2 2 2 2 18 2 
2 11 11 3 2 1 1 1 1 3 3 3 5 13 10 8 5 4 16 
6 7 16 6 3 3 2 38*1 3 6 4 5 3 1 1 2 2 4 4 
4 3 2 4 11 2 6 10 8 6*1 5 5 4 7 9 17 53 7 3 
5 5 13 10 8 3 7 2 37*1 2 5 7 6 4 2 3 2 2 4 
10 3 4 2 2 2 3 4 5 3 2 5*1 2 8 11 6 6 8 15 
61 4 2 2 4 11 6 4 10 11 3 2 3 2 1 2 33*1 4 2 
2 11 5 3 3 4 7 7 4 3 3 2 3 5 3 4 2 5*1 3 
8 13 10 8 13 7 42 15 3 2 4 2 2 3 3 6 12 5 4 
4 2 1 1 1 7 29*1 2 5 10 10 10 15 5 4 7 4 5 25 
12 29 10 2 3 5 4 2 2 1 1 1 2 3 5 39 9 13 7 
26 19 7 6 4 7 2 3 2 2 31 5 4 13 7 5 3 2 1 
2 2 3 28*1 2 4 8 8 7 5 6 27 4 2 3 22 13 6 12 
2 2 2 3 4 3 1 1 2 2 4 5 21 12 11 7 34 3 3 
3 2 2 2 5 18 25 7 4 23 13 6 11 7 3 2 2 2 2 
4 1 1 1 1 23*1 2 4 4 3 3 2 10 5 2 2 3 5 2 
2 2 1 1 2 15 3 1 1 1 2 2 2 4 15 13 8 4 3 
2 2 2 1 2 2 2 3 6 3 5 26 14 7 7 6 2 2 1 
1 2 3 10 27*1 2 2 2 3 3 2 1 1 2 7*1 2 14 3 1 
1 1 2 3 3 2 7 8 7 2 7*1 2 3 9 2 4 5 30 30 
35 20 4 2 1 1 1 3 4 14 27*1 2 3 3 4 2 8*1 2 2 
3 16 3 1 1 1 2 2 2 12 4 7 2 8*1 2 4 3 2 4 
19 3 8 17 6 2 1 1 1 1 2 2 8 28 26*1 2 3 3 3 
1 1 2 1 1 1 1 2 2 2 3 3 6 3 5*1 3 6 5 3 
9*1 2 2 2 2 4 5*2 7*1 2 4 27*1 2 4 3 7*1 2 2 2 9 
2 2 2 1 1 2 1 2 4 2 2 8*1 2 2 2 2 4 4 3 
3 3 2 2 2 7*1 4 3 2 26*1 2 3 1 1 1 5*1 2 2 2 
2 5*1 2 2 2 11*1 2 3 3 2 2 2 20 35 8 2 2 4 1 
2 5*1 5 2 1 1 1 17*1 2 6*1 2 2 1 2 8*1 2 6*1 2 2 
2 10*1 6*2 1 7 16 2 1 3 1 2 2 1 1 1 1 2 3 2 
27*1 2 1 2 2 6*1 2 2 6*1 2 2 3 2 9*1 6*2 1 2 2 5 
2 5 5 5*2 1 1 1 29*1 3 15*1 2 1 3 2 2 10*1 3 2 3 
2 2 2 1 2 2 2 2 3 4 3 3 3 2 2 1 2 2 1 
38*1 2 1 1 1 2 2 2 1 2 3 4 1 2 2 6*1 5*2 3 3 
2 2 2 1 1 1 3 2 3 3 2 2 1 2 40*1 2 1 1 1 
1 2 2 3 2 4 2 1 2 6*1 2 5 2 2 3 2 2 2 2 
5*1 2 2 2 2 3 4 2 3 46*1 3 4 5 4 2 2 2 1 1 
1 1 2 2 2 5 2 2 2 1 2 6*1 2 2 4 12 3 4 3 
17 47*1 6 10 6 5 2 1 2 6*1 2 5 3 2 2 2 1 1 1 
1 2 2 2 3 7 17 24 3 3 8 1 1 1 43*1 2 4 50 3 
3 3 2 3 6*1 2 2 2 5 4 1 2 1 1 1 3 5 5 4 
5 5 14 3 3 2 1 1 26*1 2 2 16*1 2 2 3 8 2 2 1 
2 3 6*1 2 2 7 6 7 4 2 1 1 1 3 10 37 27 60 33 
4 3 2 27*1 2 2 2 19*1 7 9 3 3 2 2 8*1 3 23 4 2 
2 3 3 1 1 3 38 45 153 185 60 16 2 16*1 2 7*1 2 2 1 
2 3 3 21*1 2 8 2 2 3 7*1 2 3 8 6 2 9 3 3 1 
2 83 30 44 144 85 34 8 13*1 4 4 2 2 2 7*1 2 4 2 2 
4 3 21*1 2 3 1 1 2 8*1 3 7 2 2 3 11 1 2 24 169 
57 6 9 101 22 12 12*1 3 2 2 2 1 1 1 1 6*1 5*2 20*1 2 
3 11*1 2 3 8 8 2 2 2 2 22*1 2 10*1 2 2 2 1 2 2 
1 1 1 1 17*1 2 12*1 9 18 25 8 2 2 34*1 2 3 2 8*1 2 
2 27*1 2 5 10 5 2 2 1 1 1 1 30*1 2 2 2 1 1 2 
2 2 1 2 2 1 3 2 2 27*1 2 4 2 2 28*1 2 2 1 2 
2 1 1 2 1 1 3 3 2 1 1 7*2 1 2 58*1 5 10 15 3 
5 3 3 5*2 1 2 3 5*2 1 1 2 2 1 2 2 1 7*1 2 2 
1 2 2 41*1 7 113 8 5 78 37 7 3 2 2 6 3 4 5 2 
1 2 1 2 2 1 1 2 2 2 2 10*1 2 3 2 43*1 78 6 5 
106 6 6 14 3 19 6 5 5 2 1 1 1 1 2 2 1 1 2 
2 2 8*1 2 2 5 38 19 2 43*1 8 5 6 6 5 6 15 4 10 
23 8 4 3 2 1 1 1 1 2 1 2 2 2 7*1 2 2 5 6 
39 126 47 2 44*1 31 4 10 12 4 4 40 68 33 4 4 4 2 1 
1 1 1 1 1 2 7 2 7*1 2 3 6 9 87 152 19 45*1 10 15 
16 4 51 173 134 29 17 6 6 9 2 6*1 4 13 2 7*1 4 18 12 
223 158 116 47*1 5 3 12 84 140 22 65 7 4 3 8 3 2 1 1 
1 1 2 2 3 2 2 1 2 1 1 1 4 55 82 128 49 49*1 2 
3 15 41 12 15 29 3 3 3 5*2 1 1 3 2 2 4 1 1 1 
1 2 2 14 17 62 52*1 3 10 11 2 2 2 2 3 2 2 2 2 
2 1 2 2 2 5 10 5*1 4 10 5 54*1 3 3 2 3 3 1 11*2 
65*1 4 2 2 2 2 1 2 2 2 2 3 7 4 4 68*1 2 2 2 
2 1 1 1 3 3 23 46 70*1 3 2 2 79*1 2 2 2 120*1 99 74*1 
8 20 97 38 192 183 107 74*1 3 38 85 216 228 134 47 73*1 2 2 23 
191 385 151 56 27 74*1 5 13 77 157 70 57 13 74*1 2 5 24 63 40 
47 17 22 67*1 2 5*1 2 28 139 75 9 12 18 10 66*1 15 7 6*1 54 
81 15 12 23 5 1 1 1 62*1 64 56 9 7 2 1 1 1 1 2 
30 17 21 108 19 2 63*1 92 99 39 35 5 2 2 1 1 1 2 41 
42 12 102 102 10 2 62*1 147 130 102 10 3 2 5*1 5 26 43 59 62 
18 6 8*1 3 2 51*1 245 191 94 18 11 2 7*1 2 7 4 5 24 6 
2 10*1 2 48*1 259 217 115 112 7 2 9*1 2 2 25 33 30 9 2 4 
10*1 2 45*1 71 120 160 63 42 4 13*1 6 31 16 1 3 3 2 9*1 2 
8 42*1 47 108 133 65 5 3 2 13*1 2 3 17 11 1 2 3 8 10*1 
3 2 39*1 197 131 169 18 18 4 3 19*1 2 1 3 5 9*1 2 3 11 
12 2 35*1 62 68 121 64 110 11 6 4 2 18*1 2 2 3 28 9 9*1 
2 70 110 34 2 2 1 1 31*1 6 7 7 67 119 17 4 5 3 2 
1 1 1 2 4 13*1 3 6 37 75 7 2 6*1 2 23 85 214 156 38 
15 34*1 7 5 57 58 50 25 53 12 2 1 1 1 1 3 55 10 12*1 
3 4 23 24 4 11 4 5*1 8 145 272 291 89 32 13 33*1 7 5 4 
12 40 35 22 6 2 1 1 2 3 3 10 29 13 11*1 2 2 8 6 
4 6 6 2 1 1 2 2 4 28 208 331 221 189 123 17 1 31*1 41 
28 22 36 39 79 244 158 19 3 2 1 7 4 24 21 11 2 9*1 2 
2 2 2 22 45 68 26 9 1 1 1 3 20 22 59 105 209 256 225 
90 5 32*1 18 90 125 80 126 225 348 164 39 13 3 2 4 3 19 20 
2 8*1 2 2 3 2 2 3 23 52 28 18 2 1 1 2 7 43 64 
68 24 187 297 218 17 6*1 2 2 24*1 4 37 138 210 144 111 115 295 150 
17 16 2 2 2 3 3 2 1 2 2 11 1 2 2 2 1 1 1 
2 2 4 23 20 7 4 3 2 1 1 2 7 39 35 44 23 104 164 
90 3 5*1 2 2 25*1 14 63 96 195 158 129 144 283 188 78 8 2 1 
1 1 2 1 1 1 2 15 10 3 2 5*1 2 5 91 20 2 4 3 
2 2 3 2 12 7 5 8 15 36 21 49 11 5*1 2 2 2 1 2 
21*1 3 4 9 69 230 284 272 228 219 56 15 1 1 1 1 2 3 4 
2 1 2 15 5 2 6*1 2 25 64 20 5*2 3 4 13 9 10 8 9 
6 15 15 21 4 2 29*1 3 5 4 103 214 200 252 179 101 25 2 1 
1 1 1 9 46 5 2 1 3 24 2 8*1 15 74 20 2 2 2 2 
3 2 2 4 10 14 3 6 26 25 44 17 6 2 28*1 2 2 2 6 
35 90 330 237 83 6 4 2 1 1 1 2 60 52 9 2 5 5 3 
2 1 1 1 2 2 1 1 1 3 8 2 4 2 2 1 2 2 2 
1 6 2 2 8 13 40 26 3 7 32*1 2 25 108 107 98 9 6 3 
2 1 1 2 14 54 96 7 2 6 6 3 11*1 2 4 6 3 1 2 
2 2 2 1 1 1 2 24 22 7 7 2 1 1 1 29*1 3 34 61 
59 9 8 6 1 1 1 2 17 184 294 401 39 8 8 5 2 11*1 2 
8 9 6 2 2 9 5 1 1 1 1 4 21 12 2 4 2 5*1 3 
2 25*1 2 29 96 61 6 2 1 1 1 3 14 160 422 274 189 25 8 
6 3 12*1 2 10 15 4 10 10 4 7*1 9 2 2 2 33*1 15 46 6 
2 1 1 1 2 8 70 178 523 692 181 13 7 4 2 11*1 2 3 8 
3 1 2 10*1 2 2 2 1 1 1 29*1 3 3 19 1 1 1 1 2 
3 16 163 275 362 567 33 9 4 2 11*1 2 2 4 3 1 1 2 11*1 
2 33*1 2 5 2 5*1 2 6 90 163 182 94 118 6 3 12*1 2 2 16*1 
2 1 2 3 10 23 2 27*1 3 5 7*1 2 3 12 25 102 34 2 2 
7*1 2 1 2 2 1 2 2 16*1 2 16 43 83 145 36 25*1 2 3 2 
8 7 7*1 2 2 2 2 3 2 10*1 2 7 4 2 2 15*1 2 2 18 
57 185 309 171 25*1 2 2 3 3 5 2 7*1 2 15*1 17 16 15 16*1 3 
8 6 38 151 277 244 24*1 2 3 6 3 3 2 2 23*1 2 12 7 2 
1 1 1 1 2 2 6*1 2 2 3 32 78 91 90 143 228 178 16*1 2 
7*1 2 3 19 70 53 2 1 2 23*1 2 2 5*1 2 2 6 4 11 2 
1 2 2 2 29 56 91 101 184 201 272 276 13*1 87 2 2 3 3 6*1 
2 4 17 100 67 37 2 2 30*1 2 3 9 18 9 6 8 4 4 3 
4 20 2 11 98 188 244 286 255 1 11*1 82 15 2 3 4 3 2 1 
1 1 1 5 21 35 35 81 93 41 17 2 1 2 1 1 2 1 1 
1 20*1 2 3 4 7 35 29 2 2 2 2 21 4 22*1 2 7 29 51 
32 2 2 2 2 5 36 166 125 49 19 17 38 18 1 1 2 2 3 
11 13 2 20*1 2 3 4 6 35 23 20 2 1 1 1 13 1 1 22*1 
16 83 81 5 9 9 2 2 11 105 179 50 5 5 5 2 2 1 1 
3 4 5 7 7 2 1 1 1 17*1 10 4 6 12 7 20 2 29*1 39 
61 14 2 12 3 2 2 19 111 20 8 31 21 3 2 1 2 2 2 
3 2 23*1 3 5 45 74 31 32*1 42 2 6 5 9 3 2 13 10 10 
7 37 46 14 6 2 1 2 64*1 5 77 35 5 1 1 3 13 73 113 
96 32 19 3 67*1 7 7 2 1 1 2 4 88 242 216 105 99 120 12 
68*1 2 1 1 1 1 2 83 275 290 177 179 131 8 2 1 1 70*1 20 
174 372 520 457 275 138 40 2 15*1 2 4 18 14 4 48*1 2 1 1 1 
42 226 204 394 368 319 205 49 2 11*1 2 2 1 2 2 17 44 3 2 
51*1 2 136 126 58 49 46 258 162 20 7*1 2 1 1 1 2 2 1 1 
1 2 21 34 3 2 2 50*1 8 58 19 56 26 103 121 69 4 7*1 2 
1 1 2 4 1 1 1 2 3 5 11 3 2 51*1 2 11 19 31 80 
47 65 8 1 1 2 1 1 1 1 2 1 1 1 2 1 1 1 1 
6 5 1 2 53*1 2 2 2 26 14 16 22 4 2 10 4 1 1 1 
1 2 3 6*1 2 2 55*1 2 2 7 4 11 9 14 66 14 9 23 6 
4 2 2 2 2 65*1 2 3 8 2 2 4 43 65 15 40 36 46 7 
7 68*1 3 2 1 1 3 64 62 94 84 219 84 70*1 2 1 1 2 3 
9 78*1 2 120*1 34 74*1 45 3 4 5 5 6 5 72*1 2 2 20 27 67 
4 7 7 9 72*1 2 4 11 26 4 4 4 5 14 72*1 2 5 46 18 
9 6 4 4 8 1 69*1 12 3 10 25 6 6 11 5 3 2 2 2 
67*1 3 6 51 63 12 46 15 11 7 4 2 2 1 1 66*1 8 5 10 
28 95 14 43 20 8 8 4 2 2 66*1 171 53 9 2 10 5 22 12 
27 4 7 7 3 2 65*1 201 179 127 96 6 2 3 2 7 10 17 9 
7 5 2 9*1 2 55*1 33 42 127 128 116 8 2 2 9 10 5 6 4 
3 2 3 2 62*1 2 2 3 3 71 63 22 9 10 6 9 2 2 3 
3 1 2 2 2 1 2 2 8*1 3 48*1 3 2 1 2 1 2 2 17 
25 7 5 2 2 2 5*1 3 2 1 2 1 1 6*1 2 2 4 45*1 2 
2 2 6*1 2 16 14 29 2 2 2 3 1 1 1 3 4 2 1 2 
2 1 1 1 1 1 1 1 2 1 5 13 42*1 5 4 3 2 6*1 2 
2 14 116 3 5 3 4 2 1 1 1 3 5 1 2 2 2 6*1 2 
2 3 5 4 3 39*1 4 2 3 2 2 2 6*1 2 2 17 75 33 75 
45 5 1 1 2 1 1 1 2 5 4 2 8*1 2 2 1 1 1 2 
36*1 2 4 6 7 4 3 8*1 2 26 40 12 43 29 2 2 2 2 2 
2 1 2 5 2 2 13*1 2 2 33*1 2 2 2 7 9 3 4 2 8*1 
2 8 44 67 80 85 2 2 2 3 2 1 2 5 4 2 2 1 1 
2 2 1 1 2 5*1 2 2 1 2 4 31*1 8 8 4 5 7 2 2 
1 1 1 1 1 1 1 1 2 3 13 13 43 4 4 2 3 3 4 
4 14 13 6 7 2 2 1 2 2 4 3 3 2 1 1 1 1 2 
1 1 1 2 3 3 29*1 3 38 9 20 11 4 2 9*1 2 3 6 6 
3 5 2 1 2 5 10 9 13 10 20 8 1 2 1 2 2 3 5 
4 4 2 2 2 7*1 2 3 28*1 3 8 14 18 9 4 2 9*1 2 2 
3 5 1 2 2 2 5 11 12 52 18 19 14 7 2 1 2 5 5 
4 6 49 41 3 3 2 6*1 2 3 4 3 1 26*1 3 6 21 19 9 
14 3 10*1 2 2 2 1 2 2 2 11 239 43 45 24 14 7 5 3 
4 5 3 3 4 10 39 53 3 3 2 1 1 1 1 2 2 2 4 
4 4 2 25*1 2 2 2 11 22 16 11 23 2 10*1 2 2 1 1 3 
2 71 156 11 14 19 5 2 2 3 4 4 2 2 2 7 50 18 3 
5 3 1 1 1 1 2 3 4 7 6 5 15 13 24*1 2 2 2 9 
17 21 12 24 2 12*1 2 2 2 24 154 67 7 10 9 3 1 2 2 
2 3 3 2 22 39 6 3 3 3 2 1 1 1 2 4 20 24 20 
6 57 89 4 18 1 21*1 2 5 6 8 32 42 20 11 6 5 1 2 
8*1 2 2 2 3 5 5 9 7 10 10 4 2 1 1 1 1 2 3 
10 54 10 4 2 2 2 1 1 1 1 4 7 10 7 27 81 168 62 
16 4 22*1 6 44 4 68 22 22 13 8 4 3 2 9*1 4 4 2 4 
2 4 3 3 12 6 3 2 1 1 1 1 3 64 24 7 4 3 1 
1 1 1 1 2 3 5 8 17 14 7 120 53 20 31 5 41 19*1 2 
2 3 4 7 5 11 13 11 5 3 3 3 5*1 2 2 2 2 4 3 
2 2 3 3 2 2 4 2 2 2 2 1 1 6 15 128 56 13 3 
2 1 1 1 1 2 3 8 13 5 4 4 4 7 11 3 10 9 38 
153 18*1 4 5 3 6 6 4 3 5 4 4 3 3 1 1 1 1 1 
1 3 3 1 2 3 3 2 1 4 3 2 2 2 2 3 2 1 1 
5 36 55 63 10 6 3 3 1 1 1 2 3 9 9 6 3 2 2 
1 2 3 47 60 11 186 149 177 16*1 6 4 3 3 3 4 3 4 3 
4 3 1 1 5*1 2 2 1 1 1 4 2 2 2 8 13 5 5 2 
2 2 2 1 2 19 8 27 3 4 3 5 3 2 1 2 4 9 12 
5 3 5*2 31 56 15 20*1 28 2 2 1 2 2 3 9 2 8*1 2 1 
1 3 6 4 5 5 4 4 9 7 3 2 5 3 2 1 1 2 4 
3 2 2 2 2 3 3 2 3 4 5 10 12 6 2 2 1 1 2 
3 59 24 1 1 19*1 28 2 1 1 1 2 2 4 11*1 3 7 17 8 
5 5*4 3 3 5 7 2 1 3 7 2 1 2 2 1 1 1 2 5 
9 11 5 11 10 6 2 2 1 1 3 4 70 22*1 2 2 1 1 1 
1 2 2 2 2 3 1 1 1 2 1 1 1 1 2 2 2 3 4 
2 2 1 2 3 11 3 7 2 1 1 3 4 2 2 1 1 1 1 
2 3 7 12 26 13 8 2 1 1 1 1 2 3 7 52 21*1 3 2 
2 1 1 1 1 3 2 3 6 2 1 1 2 2 3 1 1 3 3 
3 2 2 1 2 2 3 2 2 6 2 1 1 1 2 2 2 1 2 
1 1 1 2 2 9 11 21 18 38 11 3 2 3 2 1 3 2 2 
22*1 2 3 2 1 1 2 4 57 3 2 3 1 1 2 2 5 2 1 
1 2 3 3 2 1 1 2 3 5 5 4 5*2 1 2 1 2 5*1 2 
45 224 137 15 13 7 2 3 4 2 2 2 2 21*1 8 6 4 2 2 
2 2 4 105 133 4 2 2 1 1 1 4 3 1 2 2 2 3 2 
1 1 2 2 2 5 5 4 3 3 4 2 1 9*1 27 193 346 108 15 
9 7 5 5 3 2 2 3 22*1 3 3 4 5 2 2 8 65 40 5 
2 2 1 1 1 3 4 6 4 2 4 4 6 1 5*2 3 2 2 2 
3 2 11*1 7 101 60 11 14 8 7 4 3 1 1 2 23*1 11 57 65 
42 18 6 8 55 23 11 2 3 2 1 1 2 2 2 4 4 6 2 
1 10*2 3 2 11*1 9 65 69 8 6 3 6 6 2 25*1 2 33 101 25 
5 6 18 20 6 14 17 5 5 2 2 2 2 1 2 2 5 3 3 
4 2 2 2 3 2 2 2 3 4 3 3 2 1 1 2 7*1 2 8 
24 10 8 6 4 6 7 3 4 14*1 2 7*1 2 3 4 5 3 3 4 
10 62 6 9 10 2 12 8 2 3 4 2 1 2 5 6 29 24 80 
2 2 3 6*2 3 4 2 11*1 3 9 5 5 5 2 5 9 4 19 20*1 
2 4 5 10 11 4 11 11 6 5 8 49 5 7 15 22 14 6 4 
6 2 2 3 9 15 21 137 79 19 3 6 2 3 2 2 2 2 3 
5 4 6*1 2 1 2 32*1 2 4 11 26 14 108 102 7 3 3 19 11 
68 45 45 17 10 4 10 4 1 2 4 10 15 25 48 26 17 3 3 
2 3 3 2 2 1 2 5 2 1 1 3 2 2 2 1 2 3 31*1 
2 9 8 19 46 158 79 7 3 3 5 64 238 111 79 39 54 7 11 
115 7 3 3 12 17 13 9 21 14 5 5*2 1 1 1 2 3 2 1 
2 4 3 2 2 1 2 3 2 28*1 2 2 151 142 82 20 10 47 7 
6 3 3 15 157 161 124 112 75 62 24 112 38 4 3 9 13 16 74 
42 17 5 3 4 3 2 1 2 1 1 1 2 4 3 2 4 8 4 
5 3 2 3 2 29*1 2 11 266 200 408 324 43 29 74 36 6 4 20 
36 12 33 99 222 62 93 53 3 2 3 7 116 65 168 124 12 4 3 
4 5 2 2 2 1 1 2 2 2 1 1 1 1 17 27 6 2 3 
29*1 2 2 6 131 303 558 374 102 258 47 5 4 2 3 3 2 2 7 
24 92 136 13 4 2 2 38 125 16 8 20 11 3 3 2 1 2 2 
44*1 2 3 11 205 552 410 365 302 75 4 3 3 2 2 1 1 1 2 
3 5 9 185 51 8 3 12 8 3 3 2 2 2 3 1 2 2 46*1 
6 40 81 197 141 173 34 32 4 2 2 2 1 1 1 1 2 2 3 
131 192 17 11 2 2 5*1 2 1 1 2 47*1 21 63 14 134 67 12 9 
6 3 2 1 2 2 1 1 2 2 3 3 62 86 3 2 2 2 8*1 
3 48*1 23 11 21 59 6 4 3 2 1 1 2 2 5*2 4 14 44 37 
7 11 2 7*1 3 5 2 2 46*1 3 23 94 24 3 2 1 1 1 1 
2 3 2 2 2 2 2 2 32 60 10 4 9 3 6*1 3 6 4 2 
48*1 21 25 8 2 1 1 1 1 2 4 4 2 2 5 21 14 2 6 
11 2 6 8 2 5*1 3 6 2 50*1 6 7 3 2 1 1 2 3 6 
5 3 3 5 39 26 10 50 84 46 70 97 34 3 2 1 2 2 4 
5 3 52*1 3 2 2 2 4 6 5 29 10 4 11 31 44 112 57 48 
103 131 165 5*1 2 3 4 54*1 51 27 2 3 17 26 15 60 41 14 32 
11 123 128 135 6 66 65*1 3 2 2 2 2 27 38 26 35 24 35 38 
32 15 68*1 9 2 3 21 64 101 69 52 128 15 20 70*1 2 8 7 41 
79 100 76*1 18 75 39 120*1 3 1 73*1 11 10 18 51 9 20 3 73*1 2 
3 3 2 2 76*1 2 1 2 2 76*1 2 2 77*1 2 2 2 6*1 2 2 
2 67*1 9 41 4 4 1 2 1 1 1 1 2 2 68*1 4 93 50 4 
4 2 2 2 1 1 1 1 3 2 2 3 21 62*1 40 8 6 7 2 
7 3 2 2 2 2 1 1 2 6 5 2 2 2 6 3 2 57*1 79 
41 61 6 51 25 8 7 13 5 2 2 3 2 2 4 6 7 1 1 
2 2 4 2 3 55*1 93 36 106 111 37 5 7 8 5 4 3 2 3 
8 13 2 4 4 3 1 1 1 2 4 3 4 4 4 51*1 123 115 49 
57 112 88 32 3 4 5 9 4 2 1 3 3 2 2 2 3 3 1 
2 3 2 3 3 6 5 3 3 48*1 6 10 24 3 12 118 95 44 3 
1 1 2 2 2 1 1 2 4 2 2 2 5 9 4 2 2 2 4 
7 5 3 3 3 3 45*1 119 123 14 21 31 7 22 25 32 7 2 1 
1 1 1 2 1 1 3 3 1 2 5 18 9 4 2 1 3 6 14 
11 9 27 6 4 61 42*1 7 26 126 97 4 5 7 53 2 11*1 2 2 
3 9 6 14 3 5 3 1 2 3 8 7 10 53 20 6 25 4 39*1 
16 43 42 180 196 129 13 12 9 13 1 12*1 3 15 90 99 35 5 8 
3 2 1 3 5 5 4 31 25 2 2 5 6 7 36*1 6 165 191 124 
102 184 23 8 4 14 3 13*1 10 111 57 61 97 6 17 5 2 2 3 
3 3 3 15 5 2 2 24 18 15 2 34*1 2 36 202 239 133 58 105 
14 6 4 4 13*1 2 21 45 161 160 43 7 5 4 3 1 1 1 1 
2 3 2 2 21 39 83 29 2 3 4 31*1 2 3 126 177 8 42 204 
49 23 6 4 2 12*1 2 4 6 41 171 24 10 7 4 5 3 2 1 
1 1 2 2 2 5 4 45 50 16 3 10 3 4 30*1 4 8 52 84 
157 156 52 17 11 5 4 2 6*1 2 5*1 3 48 5 26 25 7 8 3 
5 5 4 2 2 2 3 3 10 25 12 85 76 207 18 5 6 5 5 
5 28*1 2 83 126 296 217 174 37 11 13 9 5 4 2 1 1 1 1 
3 7 2 5*1 4 35 3 3 2 9 5 4 3 3 3 2 2 2 2 
8 112 210 175 185 106 63 8 13 3 3 8 9 3 26*1 2 5 89 194 
375 192 125 78 21 15 10 5 4 3 1 1 1 2 7 2 6*1 3 4 
2 2 2 2 1 5*2 1 2 3 17 33 294 421 376 238 94 6 6 3 
18 10 10 4 26*1 2 3 13 216 331 13 49 158 136 59 26 8 6 3 
1 1 1 10 32 2 6*1 2 4 2 3 2 1 1 1 2 2 2 1 
1 2 2 76 190 449 674 578 266 124 7 5 10 12 20 8 2 26*1 2 
5 16 23 27 13 10 233 336 70 54 2 2 2 1 1 1 3 4 2 
3 2 2 1 2 2 3 9 2 2 1 1 1 1 2 3 2 1 1 
2 43 108 217 431 456 569 317 11 6 6 10 33 36 8 2 2 2 23*1 
2 3 7 11 12 17 30 74 238 315 105 3 6*1 2 6 5 3 1 1 
2 2 6 4 2 2 5*1 2 3 2 2 1 2 11 111 227 256 324 312 
133 7 7 3 3 18 20 3 3 3 2 2 22*1 2 12 10 20 156 107 
173 82 307 174 15 1 1 1 1 1 1 1 2 3 4 2 1 1 3 
4 10 3 7*1 3 3 4 2 1 2 6 78 136 27 103 55 79 82 7 
1 2 4 5 3 3 2 2 2 4 20*1 2 2 11 19 49 210 31 8 
197 118 35 7*1 2 3 6 4 3 2 3 4 4 7 8*1 2 2 4 3 
2 6 17 99 25 9 15 16 23 4 2 1 2 3 4 4 6 3 2 
2 6 2 19*1 2 5 26 88 102 152 35 88 20 5 2 7*1 5 4 4 
5 2 2 3 3 2 2 2 1 1 1 1 1 1 2 4 4 2 1 
2 4 7 5 6 5 10 6 3 3 4 5 4 5 24 6 5 5 11 
4 3 7 10 1 1 17*1 2 19 10 41 90 28 8 5 2 6*1 2 14 
41 9 8 10 7 2 2 3 2 3 4 2 1 1 1 1 2 3 7 
6 2 2 3 6 5 5 7 11 13 8 5 7 12 13 58 17 7 8 
8 47 5 20*1 3 2 1 2 3 3 5 3 2 2 5*1 2 3 4 6 
40 51 17 14 14 7 2 2 5 5 6 7 5 2 1 1 2 2 2 
5 5 2 4 6 7 6 8 14 37 128 56 7 7 11 51 31 6 8 
9 11 12 21*1 6 2 1 1 2 2 2 2 4 6 3 4 2 2 2 
3 7 6 9 20 77 158 11 11 5 6 6 7 6 10 7 3 3 5*2 
3 3 6 12 13 7 6 16 24 54 37 17 11 10 13 13 14 12 16 
6 4 22*1 2 1 1 1 2 2 2 5 37 8 5 3 4 5 3 3 
5 7 13 154 261 26 7 4 11 6 5 16 24 72 28 17 5 3 3 
3 2 2 2 1 1 2 11 5 12 16 23 39 12 12 8 5 16 15 
18 18 16 5 3 21*1 2 1 5*2 3 6 15 10 10 3 3 4 5 4 
4 8 127 318 74 8 8 5 3 5 28 62 162 153 8 7 6 7 4 
3 2 2 2 1 1 1 8 11 16 36 26 22 13 12 6 4 6 16 
11 6 5 4 22*1 3 2 2 2 2 7 64 11 9 12 19 5 2 2 
2 2 8 28 78 26 55 11 9 9 7 4 6 7 10 21 137 32 10 
13 10 5 2 3 2 2 1 2 2 2 16 16 93 216 152 88 21 3 
3 5 7 5 4 5 21*1 20 11 3 2 2 3 6 22 42 31 10 9 
5 2 2 1 2 7 9 23 94 20 27 16 16 7 5 3 4 5 7 
11 12 16 14 11 8 4 2 1 1 1 1 2 1 2 3 35 202 200 
356 225 35 14 7 2 2 2 2 19*1 3 9 19 64 74 12 2 3 2 
6 31 34 18 9 3 2 2 1 1 4 5 5 72 65 28 9 77 7 
2 2 2 2 3 6 5 4 3 7 4 4 2 7*1 3 7 67 141 93 
224 147 4 2 24*1 3 5 12 97 36 3 2 2 1 2 23 10 7 5 
2 2 1 1 1 2 2 5 14 10 3 8 11 3 2 7*1 2 3 3 
3 2 1 1 2 1 1 1 1 4 7 71 8 6 110 69 3 2 24*1 
3 11 64 146 5 6 3 2 1 2 3 4 2 2 5 4 1 1 1 
1 9 17 7 2 4 3 1 4 3 2 7*1 2 2 1 1 1 1 2 
1 1 2 2 4 9 18 6 6 28 57 6 2 23*1 2 4 66 197 142 
17 19 6 3 2 2 2 2 3 5 6 3 16 1 1 2 3 6 20 
11 3 1 1 1 3 3 1 1 2 1 2 12*1 6 4 5 24 4 3 
3 23 2 23*1 2 5 62 89 98 83 37 35 5 2 1 1 2 5 4 
27 3 15 19 1 2 2 2 3 65 4 1 1 1 2 5 6 3 3 
5 2 12*1 2 2 3 2 29*1 2 6 99 252 176 130 111 35 5 1 1 
1 2 3 11 5 4 3 2 1 1 1 2 2 21 1 1 1 2 2 
5 2 3 21 6 8*1 2 1 1 1 2 2 2 31*1 2 3 82 104 40 
139 50 4 2 1 1 1 1 3 7 4 4 2 1 2 1 1 2 4 
2 1 2 2 2 2 1 2 21 66 11 2 6*1 5 3 2 1 2 2 
2 2 32*1 2 4 11 45 64 6 2 5*1 2 3 7 6 2 1 2 1 
1 1 2 1 2 3 3 12 4 2 5 22 6 2 2 2 1 1 2 
1 1 9 20 2 36*1 2 2 6 17 13 3 2 6*1 2 5 8 3 2 
2 2 1 1 2 2 3 10 9 11 26 8 5 11 82 35 3 8*1 4 
3 2 3 2 29*1 2 1 1 1 2 27 42 18 4 1 6*1 2 1 6 
5 2 1 1 1 1 2 2 6 10 12 11 8 7 5 6 25 13 4 
2 46*1 2 33 50 9 1 7*1 2 5 8 2 2 2 1 1 1 1 2 
5 21 13 10 6 13 7 3 2 2 2 46*1 2 2 5 10 2 1 1 
7*1 4 4 6 3 2 1 1 1 1 2 8 10 7 13 4 59 11 3 
2 2 47*1 7 3 4 3 8*1 2 2 5 5 9 3 2 1 1 1 2 
2 4 3 4 5 4 3 6 2 48*1 62 77 3 2 2 5*1 2 3 2 
1 2 2 14 4 2 2 1 1 2 1 11 3 2 4 4 3 3 5 
1 1 2 46*1 118 24 2 5*1 2 14 23 16 3 3 3 3 2 7*1 2 
2 2 2 3 2 9 3 2 2 2 47*1 8 6*1 10 23 80 31 27 70 
4 4 3 2 2 5*1 2 2 2 2 3 3 4 3 2 49*1 2 5*1 2 
4 20 19 26 231 196 19 20 6 3 2 1 1 1 2 2 4 3 2 
2 3 3 3 52*1 2 1 1 1 2 23 123 33 57 262 384 159 23 23 
3 5 4 3 6*1 3 12 21 54*1 2 1 1 1 3 72 184 172 350 377 
462 141 28 30 27 8 15 67*1 2 18 113 264 298 160 415 514 316 248 79 
39 68*1 14 57 82 45 83 194 23 635 622 221 92 70*1 24 49 30 7 13 
118 76*1 7 19 6 120*1 10 1 1 1 71*1 4 1 3 2 2 2 7 73*1 
3 3 2 7 2 2 5 33 71*1 2 1 2 3 4 11 5 4 7 10 
1 1 69*1 2 1 2 3 5 19 38 9 18 69 70*1 5 3 1 2 4 
22 35 12 90 178 171 154 1 66*1 3 3 49 3 2 2 24 12 7 14 
238 227 115 141 66*1 10 58 144 103 18 4 2 7 9 11 17 127 168 76 
88 15 3 62*1 2 5 53 244 96 33 11 9 2 3 31 5 60 169 16 
10 6 3 3 2 61*1 3 15 109 120 320 181 114 31 11 17 7 22 34 
68 39 5 5 2 3 2 2 2 56*1 2 2 5 5 6 145 409 677 395 
134 24 8 3 3 3 9 2 7 7 4 2 4 2 2 2 54*1 2 3 
2 2 5 2 8 200 519 636 332 114 3 2 1 1 2 2 1 4 7 
4 3 7 3 3 2 2 2 3 3 48*1 2 2 2 3 3 2 4 5 
55 238 415 495 279 54 3 2 1 1 1 1 2 3 3 2 3 9 4 
3 2 2 3 4 7 6 45*1 3 2 3 3 4 2 1 2 3 6 31 
25 191 268 192 23 2 2 1 1 1 1 2 2 3 2 2 3 3 2 
2 2 8 5 89 9 43 42*1 10 31 7 2 4 7 8 3 2 2 3 
11 5 3 87 150 34 3 3 2 1 1 2 2 2 3 3 1 6*2 10 
11 55 45 55 20 1 1 1 36*1 6 42 22 35 11 2 3 9 38 45 
17 19 8 11 5 6 17 6 3 3 3 1 1 2 4 3 3 4 7 
5*2 4 15 31 51 192 313 168 29 2 36*1 11 10 47 40 4 6 2 3 
9 151 252 202 70 36 41 10 3 13 4 2 2 2 1 2 2 4 7 
5 3 2 4 1 2 2 1 3 3 75 150 155 170 168 151 22 2 2 
34*1 7 106 20 18 6 4 12 5 33 185 313 448 357 134 93 13 3 3 
3 1 2 2 2 1 2 4 6 9 4 1 1 1 1 2 2 22 19 
11 82 164 43 12 58 116 5 2 35*1 14 167 37 8 27 7 43 103 195 
422 497 484 130 180 77 5 4 9 4 1 2 2 2 1 2 8 13 7 
4 1 2 2 2 3 3 5 7 36 6 66 5 10 7 9 4 2 1 
1 1 1 4 1 1 1 26*1 136 184 175 31 78 101 116 170 55 302 459 
609 315 223 143 35 23 7 9 3 2 2 2 2 1 12 48 53 11 3 
3 1 1 3 20 23 86 309 50 5 4 5 8 4 4 19 10 2 1 
1 2 4 74 27*1 29 158 182 21 14 14 59 116 55 81 235 523 189 107 
35 36 40 32 35 11 5*2 25 22 26 26 6 5 2 1 10 58 114 162 
305 339 82 3 5 46 6 8 155 86 4 2 1 1 1 2 3 31 26*1 
20 78 3 2 3 3 5 11 4 51 126 98 12 2 2 2 4 28 38 
7 4 3 3 3 8 50 86 105 72 5 3 2 1 55 42 117 236 429 
443 81 5 7 68 9 11 27 6 2 2 1 1 1 2 3 36 52 24*1 
3 4 3 2 2 3 5 6 4 4 6 27 4 1 1 1 1 2 4 
5 10 3 3 2 2 7 51 20 88 21 1 1 1 2 4 20 69 285 
240 82 142 87 52 4 6 4 6 4 2 5*1 2 24 7 4 23*1 2 2 
2 2 4 11 4 3 3 4 4 3 2 5*1 2 23 27 23 4 2 2 
2 4 5 8 2 1 1 1 1 2 16 69 196 78 117 131 58 15 4 
2 3 3 26 3 1 1 1 1 1 2 4 2 2 3 21*1 2 3 3 
3 7 9 14 15 6 3 2 3 2 5*1 2 4 12 36 13 3 2 2 
2 2 2 7*1 4 57 44 5 24 9 14 17 4 2 2 3 3 6*1 4 
5 2 23*1 3 3 2 4 35 33 76 26 5 2 2 3 5*1 2 3 5 
21 2 1 1 1 2 2 9*1 2 4 2 3 4 3 35 31 4 4 2 
2 2 2 5*1 2 2 23*1 2 9 3 3 12 47 56 15 1 1 1 3 
3 1 1 1 1 2 3 4 4 3 1 1 1 1 13*1 2 3 4 3 
4 5 3 12 15 3 3 5*1 2 22 3 1 2 1 2 19*1 5 14 11 
15 24 25 32 1 1 2 2 4 1 1 1 2 3 19 10 4 4 2 
17*1 2 3 4 4 5 5 14 164 38 6 3 1 1 1 2 2 48 40 
7 1 2 2 2 2 18*1 2 16 11 12 3 4 2 5*1 3 3 3 4 
10 28 3 5 11 1 16*1 2 6 6 18 3 4 15 23 10 9 16 7 
2 1 43 72 15 86 2 12 24*1 2 4 3 3 4 2 2 2 1 1 
1 2 9 20 5 8 20 3 7 3 15*1 2 3 6 11 105 94 55 84 
46 18 10 37 5 3 1 1 59 84 19 2 2 26*1 2 12 6 3 7*2 
6 41 11 12 24 11 2 2 15*1 2 4 29 33 263 234 353 459 162 16 
24 18 4 3 2 5 8 15 13 48 2 2 22*1 2 3 2 6 32 15 
4 2 3 3 2 2 1 2 3 16 7 5 102 2 2 16*1 2 13 53 
28 232 97 355 386 53 6 7 5 10 1 12 48 31 80 30 1 1 3 
21*1 2 5 5 3 40 194 118 81 6 4 10 1 1 1 1 2 5 5 
17 15 5 5 2 16*1 8 40 41 148 91 157 25 4 5 6 13 27 40 
153 92 65 29 14 2 2 22*1 2 6 6 13 48 183 194 19 15 3 2 
5*1 2 5 6 7 21 38 6 2 2 2 2 1 2 1 2 2 2 6*1 
2 20 143 164 203 47 9 9 8 12 113 95 154 98 27 1 1 2 23*1 
2 5 12 26 108 266 288 95 5 8*1 2 3 5 12 9 87 104 7 7 
25 18 20 9 4 18 2 1 1 2 1 1 1 1 2 15 172 119 63 
13 10 10 7 25 108 160 78 19 1 1 1 24*1 3 26 81 30 301 370 
136 4 10*1 2 2 3 6 74 97 70 63 83 100 101 65 51 81 2 7*1 
4 10 23 53 22 45 6 7 46 81 85 112 8 27*1 15 99 173 118 160 
281 158 5 11*1 2 2 2 23 22 27 59 55 94 71 53 13 88 74 7*1 
2 10 10 8 63 64 13 2 5 44 163 227 65 4 27*1 21 233 460 443 
357 46 13 2 13*1 2 11 6 5 9 17 52 30 68 12 6 2 5*1 2 
7 4 2 10 23 51 9 2 2 6 70 351 358 245 37 10 2 1 1 
11*1 2 10*1 2 26 247 256 196 126 39 2 6*1 2 8*1 2 3 3 9 10 
15 33 40 8 5 2 1 1 1 1 2 3 8 8 12 10 3 5 2 
2 7 65 356 443 414 219 125 98 36 1 1 1 1 9*1 2 10*1 2 21 
223 176 15 40 9 6*1 2 2 10*1 2 6 8 11 124 36 8 5 1 1 
1 3 3 12 38 14 6 6 6 3 3 2 3 22*1 2 2 8*1 2 11 
102 234 83 44 4 7*1 2 2 1 10*1 4 5 16 84 8 10 4 1 1 
2 2 27 133 40 47 3 4 2 3 3 3 33*1 3 28 141 105 9 4 
3 1 1 1 1 2 2 2 2 1 1 1 2 2 7*1 2 6 33 65 
54 4 2 2 1 2 2 13 6 4 3 3 2 2 2 31*1 2 1 1 
7 62 154 144 18 14 3 2 2 2 2 3 7 2 2 1 1 1 1 
2 2 7*1 2 22 55 230 141 4 6 10 2 2 3 2 3 4 3 4 
4 3 2 27*1 14 7 1 2 3 1 2 24 33 126 70 20 3 2 3 
14 12 8 3 2 2 5*1 2 2 2 6*1 3 49 94 46 7 5 11 4 
2 1 1 1 1 4 2 1 2 30*1 12 37 24 3 17 21 11 10 9 
8 3 3 4 13 13 5 4 2 4 2 1 1 1 1 5*2 1 1 1 
1 2 4 6 11 6 6 5 3 2 39*1 199 178 60 27 55 54 25 6 
2 2 3 3 4 38 5 4 3 2 3 5*1 2 2 2 2 1 1 2 
2 28 65 21 12 57 8 15 43 3 1 1 39*1 123 28 67 158 90 29 
14 6 6 5*4 3 2 6*1 4 28 10 53 39 3 2 4 180 131 9 7 
48 111 24 17 26 42*1 196 201 211 219 66 42 33 20 8 9 5 4 3 
5 4 2 1 1 1 1 1 4 14 31 165 202 82 33 7 83 532 7 
12 9 51 142 22 68 44*1 262 160 153 29 31 16 14 48 38 43 7 19 
7 3 2 2 1 1 1 2 18 5 58 163 196 155 40 33 513 246 9 
4 6 7 49 98 45*1 208 101 45 23 34 23 41 41 65 99 27 49 12 
4 2 1 1 1 2 13 19 4 13 65 258 170 31 99 9 5 4 3 
5 7 30 47*1 28 41 162 192 53 15 14 152 64 63 34 8 5*2 5 28 
72 48 37 209 128 4 87 48 32 83 15 4 4 49*1 5 96 148 214 206 
85 80 60 53 2 3 8 17 8 10 3 5 54 66 170 16 42 150 169 
21 143 27 7 104 2 52*1 157 66 182 173 68 72 40 12 2 6 32 118 
53 27 15 9 64 61 96 5*1 56 4 2 54*1 91 81 123 127 127 102 79 
48 3 77 185 68 52 12 6 3 48 65*1 61 62 40 51 12 6 5 14 
47 75 92 8 2 2 1 1 1 65*1 65 32 6 9 2 2 3 3 3 
52 3 70*1 119 14 2 11 8 88 76*1 2 15 95 1 1 1 117*1 138 74*1 
21 6 13 26 120 112 138 72*1 11 7 8 12 9 82 108 23 51 1 70*1 
7 11 13 7 17 129 182 76 5 2 71*1 17 3 4 9 127 162 128 18 
2 2 1 1 68*1 145 38 5 4 50 72 126 106 7 5 4 35 67*1 340 
220 180 9 25 5 13 24 162 99 36 5 3 19 66*1 368 221 188 130 15 
7 11 4 61 88 20 58 12 2 2 12 47 62*1 152 249 157 120 83 5 
6 40 30 47 49 5 23 91 5 2 10 106 301 310 403 698 57*1 11 4 
34 105 47 99 38 3 7 28 28 48 5 15 63 73 22 7 52 226 570 
319 229 503 783 56*1 2 2 3 2 19 64 33 2 7 7 17 6 5 17 
91 136 45 20 162 365 314 338 388 524 533 301 266 55*1 7 1 2 22 16 
4 2 22 41 4 3 4 33 172 171 112 86 207 149 60 62 222 199 37 
12 88 25 57*1 4 2 2 4 98 136 30 7 55 86 139 146 15 73 72 
24 3 7 6 3 3 2 58 37 4 57*1 2 2 3 116 150 39 31 128 
96 65 36 27 24 16 7*2 10 40 12 2 42*1 72 2 12*1 2 2 2 25 
185 47 48 35 16 29 4 8 25 3 5*1 2 2 3 102 134 19 2 39*1 
288 192 66 2 1 1 1 2 5 10 2 3 6*1 2 3 7 7 2 2 
17 24 3 2 2 2 5*1 2 2 3 149 156 83 7 2 1 35*1 408 298 
208 163 71 3 2 2 31 91 40 57 30 16 2 5*1 2 5*1 4 29 3 
4 2 2 1 1 1 1 2 2 2 8 126 170 102 24 36*1 387 234 207 
264 235 143 101 5 46 139 208 128 110 168 68 2 7*1 2 2 1 2 101 
82 15 15 9 1 2 1 1 1 1 2 3 21 95 16 30 64 54 1 
1 1 2 31*1 698 65 461 363 685 559 346 219 210 263 333 280 255 295 144 
17 2 1 1 1 1 2 3 2 2 2 43 195 165 78 49 30 2 3 
4 3 1 2 6 10 92 111 36 91 204 214 32 1 6 11 112 29*1 605 
259 207 413 713 780 636 422 285 177 211 270 314 302 403 203 83 5 2 1 
1 1 2 2 2 2 4 93 233 193 197 159 88 48 17 6 7 2 25 
90 114 126 247 113 144 282 306 48 29 67 79 190 200 27*1 401 490 353 508 
566 643 556 347 419 235 144 112 162 181 176 294 273 116 17 16 2 1 1 
1 2 4 27 6 64 223 291 282 316 171 87 71 68 2 3 47 46 101 
176 165 152 250 364 177 58 117 135 117 83 159 92 1 25*1 271 431 477 620 
259 205 108 15 77 193 70 79 46 10 18 112 130 87 115 77 37 39 6 
2 4 25 147 196 259 382 421 277 344 188 54 5 11 2 6 22 70 127 
217 176 247 532 447 315 153 70 90 95 25 30 26*1 127 142 249 219 139 89 
29 9 6 11 72 89 27 10 3 22 16 4 120 191 186 159 145 77 29 
98 157 175 429 634 602 538 297 253 74 2 2 2 6 11 8 10 84 73 
247 498 491 238 203 147 70 30*1 129 148 38 30 41 71 112 56 77 11 5 
4 3 2 1 1 15 45 219 292 271 268 226 51 82 230 345 348 392 874 
764 482 209 17 27 3 2 10 42 2 6 23 66 175 224 359 254 78 54 
31*1 204 301 106 8 23 66 94 72 223 75 4 2 1 1 2 3 2 7 
70 173 363 254 275 113 74 190 325 369 335 481 636 513 292 93 5 11 3 
2 90 75 5 1 6 49 1 145 170 122 45 32*1 346 243 88 15 4 6 
43 115 107 30 28 3 1 2 2 2 3 3 8 43 153 106 50 94 111 
174 263 139 256 375 384 288 103 14 9 3 4 5 51 97 10 14 71 25 
1 9 102 46 32*1 300 253 162 81 2 2 2 6 5 43 10 10 2 3 
3 2 13 6 3 6 38 9 3 3 6 8 109 226 188 64 63 60 74 
2 2 10 3 1 2 17 41 39 79 77 1 7 36 34*1 14 93 128 20 
2 6 2 2 2 15 41 5 7 6 53 13 10 11 22 20 23 2 1 
1 1 2 35 41 159 32 5 21 3 2 2 2 1 1 1 11 79 71 
58 154 1 4 34*1 4 2 5 7 11 63 35 5 2 17 19 4 4 5 
55 120 19 4 11 31 24 2 5*1 2 14 71 12 4 4 2 2 1 2 
9 27 76 122 60 20 9 2 1 62 34*1 4 1 1 2 42 159 153 79 
39 35 9 3 2 5 25 44 15 4 3 2 8*1 2 3 4 10 21 2 
2 2 13 97 82 138 100 12 42*1 6 101 185 45 34 8 2 1 3 38 
65 132 144 75 4 3 2 9*1 2 3 12 76 17 6 5 5 69 49 25 
6 2 1 1 3 5 37*1 6 32 59 12 20 2 1 1 1 2 20 134 
185 137 41 4 3 2 6*1 5*2 46 124 125 107 29 2 12 21 3 1 39*1 
29 1 2 17 140 81 7 3 5*1 32 118 108 17 8 4 4 4 2 5*1 
23 12 14 2 3 35 52 2 51 33 1 1 2 2 2 2 38*1 20 4 
2 114 139 2 1 1 2 1 1 1 1 3 50 55 14 6 5 5 4 
3 1 1 1 1 5 90 40 87 30 89 136 39 15 2 1 1 1 2 
3 3 1 1 1 1 33*1 84 84 90 17 160 138 73 23 2 1 1 1 
1 2 2 3 38 25 5 5 4 5*2 3 7 4 63 80 32 208 172 83 
29 6 5*1 4 16 2 1 1 1 2 2 28*1 11 73 136 195 144 238 240 
148 47 6 19 3 1 1 1 1 2 17 4 3 1 2 2 2 2 1 
9 17 44 12 23 4 41 51 118 202 128 20 7*1 2 12 8 1 1 4 
2 3 28*1 20 29 120 154 287 347 134 80 7 1 2 1 1 1 1 2 
23 8 3 2 1 2 2 2 1 1 11 133 152 133 185 96 74 105 98 
149 76 2 7*1 3 33 36 11 60 63 19 10 23*1 103 18 1 1 2 3 
154 259 545 537 293 139 23 2 6*1 2 3 37 2 1 1 2 2 2 1 
1 27 63 45 159 243 176 80 56 67 130 20 9*1 39 66 11 35 28 108 
20*1 2 2 95 114 60 1 1 1 2 97 265 488 491 619 208 23 8*1 3 
9*1 2 2 2 5 113 182 69 16 24 59 19 3 9*1 2 6 63 26 33 
139 20*1 5 21 50 15 2 1 1 2 16 128 430 455 381 280 69 8*1 3 
1 1 9*1 2 2 2 29 35 8 10 5 1 2 2 2 9*1 19 60 142 
22*1 2 3 2 2 1 1 1 2 7 249 690 651 411 125 3 19*1 5 3 
3 2 2 2 1 1 1 2 4 43 26 8*1 5 7 20 1 1 1 1 
23*1 2 1 1 7 114 434 820 561 152 13 7*1 2 12*1 3 5 3 7*1 16 
13 64 2 1 6*1 2 31*1 2 27 299 655 669 284 52 3 10*1 2 2 9*1 
3 2 6*1 2 41 100 149 109 35*1 7 1 1 1 84 192 454 517 296 157 
29 10 10*1 9 11 6 7 2 6*1 3 2 3 3 2 2 15 21 77 58 
10 38*1 221 19 84 229 358 379 283 306 300 179 90 6 1 7*1 2 1 2 
10 6 10 26 5*1 2 2 19 47 92 80 150 94 103 64 39*1 383 318 304 
403 391 289 241 433 324 204 173 64 35 6 2 1 2 2 3 21 2 2 
17 11 83 109 87 19 9 2 5 14 65 141 96 103 107 172 215 193 100 
41*1 723 439 329 287 217 351 712 504 339 425 219 196 96 7 6 55 103 132 
39 57 19 37 140 277 312 170 64 42 18 44 192 423 415 216 223 240 380 
300 307 42*1 484 452 209 301 466 588 777 1093 1037 814 472 630 258 132 59 2 
24 5 97 98 85 130 238 650 577 224 106 58 2 115 447 524 599 682 900 
550 518 308 1 1 1 41*1 246 153 477 582 641 869 974 1172 1012 837 878 499 
100 15 29 1 6 20 129 189 496 556 566 705 336 255 139 136 148 648 662 
543 848 896 518 194 45*1 428 163 610 283 282 625 632 1020 926 585 354 200 26 
19 7 1 1 1 1 6 189 233 735 603 155 360 1 212 193 359 336 548 
382 367 249 1 1 1 44*1 154 244 209 407 402 350 922 670 301 280 213 20 
94 1 1 1 81 4 28 72 137 269 5*1 120 148 280 289 78 50*1 164 144 
236 336 359 644 361 147 70 19*1 72 662*1 108 160 79*1 23 78*1 9 9 381 77*1 
38 330 56 77*1 91 67 4297*1 4 74*1 9 7 7 5 6 14 6 72*1 3 3 
4 4 3 5 32 22 20 71*1 3 4 4 2 3 7 14 10 7 4 71*1 
3 4 2 2 4 8 34 6 2 2 70*1 3 4 4 4 3 3 92 5 
2 2 8 3 1 66*1 29 19 6 7 4 4 14 22 38 4 2 4 5 
12 66*1 13 6 4 5 24 7 67 7 21 41 6 4 2 4 3 2 2 
62*1 2 4 4 6 14 5 28 10 7 23 32 19 5 5 2 2 2 2 
4 3 30 115 1 56*1 3 2 4 2 7 9 14 18 8 4 11 2 2 
2 3 4 1 2 2 5 10 63 194 118 4 1 1 1 1 51*1 5*2 6 
15 47 10 5 4 10 2 2 4 5 3 3 8 3 7 10 229 100 65 
47 6 3 1 1 1 1 47*1 7*2 5 4 1 2 2 3 3 2 3 4 
5 4 13 39 4 11 12 60 20 14 5 2 55*1 2 2 2 2 2 2 
1 1 2 2 2 2 7 5 5 64 13 7 2 2 7 14 6 5 2 
59*1 2 1 1 1 5*2 3 6 2 6 3 2 1 1 2 3 3 3 1 
1 1 2 2 2 42*1 3 2 16*1 2 3 4 8 10 2 2 2 9*1 2 
2 2 41*1 15 5 2 12*1 2 1 1 1 2 3 5 6 12 21 4 3 
2 14*1 2 2 35*1 69 30 15 3 2 11*1 2 2 1 1 2 3 3 4 
3 35 9 2 3 14*1 5 4 2 34*1 53 33 14 8 4 2 1 1 1 
1 1 2 2 7*1 2 3 25 35 3 23 16 4 3 2 13*1 2 2 2 
1 2 2 3 31*1 71 23 64 9 1 1 2 1 1 1 1 2 3 4 
2 2 2 1 1 4 22 115 133 52 57 17 8 4 2 1 1 1 1 
2 2 2 2 2 2 5*1 3 1 1 1 2 3 3 29*1 4 5 8 6 
2 1 1 2 1 1 8*2 1 2 15 105 216 179 103 80 24 11 3 5*1 
2 7 12 18 5 3 2 2 6*1 2 2 2 3 7 27*1 2 2 25 38 
9 1 1 1 1 2 2 3 3 4 3 2 2 5 2 2 2 4 53 
198 88 43 41 21 8 4 2 1 1 1 2 6 62 53 23 15 2 2 
6*1 2 2 3 6 6 5 3 27*1 2 22 19 1 1 1 2 2 2 5 
7 7 5 3 3 3 4 4 2 3 28 38 258 204 43 51 10 4 3 
2 1 1 2 3 8 87 48 22 4 2 2 1 1 1 1 1 2 3 
3 4 8 7 6 3 3 26*1 3 31 16 5 4 2 2 3 4 4 5 
16 6 3 2 3 2 2 5 57 55 153 157 89 71 20 2 2 2 1 
1 1 2 2 5 24 47 7 3 2 2 2 1 1 1 1 3 3 7 
7 10 8 10 9 5 2 23*1 2 2 11 24 25 60 43 13 3 4 5 
9 13 16 6 5*2 11 92 151 47 20 16 16 7 2 5*1 2 2 4 4 
13 3 2 2 2 2 1 1 1 2 3 8 42 33 9 13 48 18 9 
4 2 21*1 3 2 18 33 32 63 78 30 9 2 2 5 8 2 3 3 
2 2 3 2 4 13 46 134 116 58 25 7 4 2 2 5*1 2 4 6 
2 2 2 2 6*1 3 8 50 186 199 161 19 23 8 3 2 21*1 3 4 
63 40 269 255 46 28 5 10 21 13 6 7 6 3 2 4 12 15 9 
11 27 13 4 6 26 4 2 6*1 2 3 3 6 2 2 3 1 1 1 
1 2 3 4 7 12 38 180 231 84 13 18 5 3 21*1 3 4 6 12 
17 27 254 177 18 5 84 90 83 16 59 18 2 2 7 28 30 8 2 
2 2 1 3 2 5*1 2 2 2 4 5 13 4 3 3 2 1 1 1 
1 2 6 15 48 35 22 46 49 12 4 3 3 3 2 2 2 18*1 6 
62 90 68 31 250 220 145 17 12 137 235 8 92 66 60 7 3 15 21 
5 5*1 2 6*1 2 2 3 4 10 14 11 11 6 3 3 2 2 2 6 
43 124 236 185 16 9 8 4 2 3 6 6 3 4 19 38 16*1 4 104 
144 139 109 30 124 150 145 22 74 104 38 12 87 66 78 5 3 2 4 
3 12*1 2 8 6 7 12 20 32 54 44 7 9 5 2 4 22 152 59 
333 40 8 9 11 6 7 9 12 17 20*1 16 3 46 17 16 11 41 65 
63 5 15 3 17 69 10 167 92 25 23 10 5 2 12*1 2 5 8 6 
5 9 158 160 71 60 32 16 17 22 55 29 335 358 11 19 33 19 13 
13 59 20 21*1 13 2 2 4 4 4 3 5 6 4 5 13 98 234 54 
76 117 42 25 9 9*1 2 2 1 1 1 2 6 10 6 34 119 266 205 
209 177 31 51 78 166 149 153 112 476 15 17 9 17 14 45 76 25*1 2 
6 3 3 3 4 7 11 39 182 118 27 24 12 6 3 6 1 1 2 
1 1 1 8*2 1 25 36 15 89 162 181 157 21 13 31 132 416 18 241 
198 289 484 109 16 17 25 22 76 72 26*1 2 3 3 3 20 10 70 50 
233 211 37 9 5 2 2 5 1 2 2 1 1 1 2 2 3 3 2 
3 3 2 3 4 17 32 76 5 4 6 6 20 19 138 44 10 122 46 
266 284 122 52 35 67 43 9 26*1 2 2 3 4 8 5 4 9 16 92 
42 6 4 4 4 7 2 2 2 1 1 2 2 2 5*3 2 2 3 4 
3 37 24 7 3 12 5 10 13 12 5 4 11 46 105 46 7 13 16 
101 125 21*1 2 1 1 1 1 2 4 3 7 3 1 1 1 1 6 6 
4 3 3 3 7 4 3 3 6*2 4 19 5 3 3 1 1 2 3 2 
22 9 4 2 2 3 6 4 25 27 2 3 4 5 1 3 28 61 251 
18*1 2 4 5 2 3 1 1 1 2 2 5 4 4 2 5*1 2 3 3 
3 4 7 6 20 4 3 2 2 2 3 3 4 4 3 3 2 1 1 
1 1 2 4 8 3 2 1 1 1 2 6 2 1 1 2 1 1 3 
8 11 18*1 2 2 3 6 6 3 3 2 2 2 2 7 4 2 6*1 2 
3 3 3 6 8 15 24 5 3 2 2 3 3 5 5 4 4 2 1 
1 1 2 2 3 2 2 12*1 2 2 3 19*1 2 3 3 5 3 3 2 
2 2 10 8 4 2 2 6*1 2 5 3 3 5 7 23 107 53 3 2 
1 2 3 6 23 6 3 5*1 2 4 2 11*1 2 2 2 3 13*1 2 2 
5*1 2 2 2 3 4 5 5 2 2 3 2 1 2 2 2 2 1 1 
3 12 9 10 3 4 11 47 121 17 4 2 1 1 2 2 3 5 3 
2 1 1 1 1 2 2 3 3 10*1 2 3 4 2 4 12*1 2 1 1 
1 5*1 2 2 2 4 14 17 3 3 6 3 3 3 2 4 4 2 2 
5 10 15 3 4 25 77 38 28 5 3 1 1 11*1 2 3 5 2 32*1 
2 1 1 2 2 3 4 8 11 16 10 8 3 6 4 2 8 8 6 
6 6 27 46 6 7 12 67 87 63 26 5 3 2 12*1 2 9 8 2 
31*1 2 4 5 3 3 9 13 10 9 35 68 10 4 24 54 5 9 16 
7 6 5 76 83 25 5 2 18 89 60 42 9 4 3 2 9*1 2 1 
2 3 9 10 2 30*1 2 4 5 6 3 4 11 16 20 44 244 46 24 
7 19 71 23 63 37 23 12 28 15 16 7 2 2 8 17 5 3 6 
2 2 9*1 3 3 4 3 15 8 2 2 30*1 4 27 32 7 10 18 27 
22 106 217 248 89 20 33 20 18 10 138 141 145 30 18 8 6 8 2 
4 4 4 2 4 2 3 2 9*1 7 1 1 1 1 2 1 2 2 2 
29*1 151 20 13 15 23 28 17 28 19 46 5 17 48 12 3 6 63 108 
165 25 2 2 2 4 2 7 3 2 1 1 2 7 2 48*1 60 30 32 
16 9 11 11 24 28 23 3 18 5 2 2 3 10 6 108 94 23 6 
2 2 1 2 2 1 1 1 2 3 4 2 1 1 1 1 44*1 47 40 
100 239 13 6 4 6 4 2 4 2 2 2 2 3 19 90 59 11 6 
3 2 7*1 2 2 2 2 47*1 44 75 238 81 22 4 8 4 3 1 2 
2 1 2 2 3 6 19 8 74 69 50 3 2 1 1 1 1 1 2 
1 2 2 2 48*1 96 78 15 3 4 3 2 1 1 2 1 2 2 2 
3 4 8 46 73 29 6 13 4 2 5*1 2 1 2 3 2 47*1 21 28 
2 3 2 2 5*1 6*2 9 10 30 18 15 7 2 1 1 1 1 2 2 
1 2 3 2 48*1 2 2 2 1 1 1 1 6*2 9 2 3 7 24 47 
20 15 6 2 7*1 2 2 1 1 47*1 2 2 2 1 1 2 2 2 3 
3 2 2 2 10 7 46 17 29 55 58 11 3 60*1 2 1 1 2 4 
3 4 6 6 10 2 2 2 4 20 7 55 114 34 63*1 2 2 6 19 
5 7 58 95 29 2 4 4 15 9 19 7 65*1 4 5 35 22 5 9 
193 38 35 6 4 2 3 5 68*1 16 44 6 5 60 84 35 6 3 2 
2 70*1 14 17 5 7 46 86 76*1 52 7 71 197*1 2 2 78*1 2 3 2 
79*1 2 1 154*1 2 1 1 1 2 74*1 25 34 12 4 2 2 2 2 72*1 
71 136 41 9 5 2 3 1 1 1 1 2 67*1 21 29 95 176 9 30 
27 9 6 8*1 2 61*1 6 24 50 43 87 110 65 41 10 3 6 2 2 
6*1 2 60*1 2 3 3 3 7 66 163 155 87 7 3 3 2 2 65*1 2 
6 5 3 2 3 20 100 114 77 23 6 5*2 62*1 5 4 2 3 4 2 
2 2 8 6 3 5 2 2 1 2 2 3 61*1 12 4 3 2 2 3 
2 2 1 1 2 1 2 2 1 1 1 2 2 2 5*1 2 9*1 2 3 
42*1 4 4 5 4 1 1 2 3 10*1 2 3 3 1 1 2 2 11*1 2 
5 6 8 39*1 2 2 1 2 2 2 13*1 2 3 3 2 2 3 3 2 
11*1 2 3 2 3 40*1 2 2 4 4 14*1 2 13 17 2 6 5 3 2 
2 10*1 2 2 2 2 1 1 1 37*1 2 2 4 2 14*1 4 15 11 5 
2 7 10 3 1 1 1 1 2 6*1 2 1 2 41*1 2 3 2 1 1 
10*1 2 2 4 13 4 40 19 34 92 93 9 10*1 2 1 1 2 2 39*1 
3 3 2 12*1 2 2 2 3 3 3 56 70 135 64 23 2 9*1 2 4 
2 2 2 2 38*1 3 3 2 2 2 11*1 2 2 2 3 3 6 179 270 
166 8 4 2 2 1 1 1 1 2 1 1 2 5 9 3 3 3 2 
37*1 2 31 17 7 4 3 2 12*1 2 3 2 9 12 18 56 113 11 8*1 
2 15 144 180 36 4 2 37*1 10 88 154 84 70 20 7 18 4 2 8*1 
2 1 1 1 1 3 4 5 51 32 2 7*1 2 10 162 196 127 10 4 
1 1 33*1 2 2 3 53 269 225 197 109 94 11 11 11 6 3 6*1 2 
6*1 2 4 4 2 1 1 1 5*1 2 4 51 93 30 6 2 10*1 2 23*1 
2 2 26 80 79 98 76 521 676 878 197 59 54 7 3 14*1 2 3 8*1 
2 7 4 58 38 187 3 2 12*1 4 21*1 2 3 63 88 93 307 415 343 
457 86 436 75 39 23 2 5*1 2 17*1 28 9 35 65 15 43 3 13*1 3 
5 6 19*1 2 2 10 71 312 37 461 473 310 330 499 213 30 11 2 5*1 
2 8 2 1 1 1 1 11*1 4 36 21 31 54 8 3 2 13*1 5 4 
5 3 18*1 2 1 2 51 144 63 12 39 229 761 538 68 9 3 6*1 2 
2 2 14*1 18 97 71 49 66 34 9 3 13*1 2 4 13 8 3 3 16*1 
2 1 1 8 55 82 5 7 66 352 135 75 61 9 4 1 2 1 1 
1 2 2 8*1 2 2 1 2 2 3 2 2 73 229 143 29 12 22 4 
2 14*1 2 20*1 2 2 1 2 5 33 8 15 30 5 4 72 71 7 1 
2 3 2 2 2 2 5*1 2 2 1 3 10 3 2 2 3 3 2 4 
57 124 63 17 4 2 2 1 35*1 3 2 1 1 3 6 5 4 3 14 
48 123 55 15 1 1 6 4 2 2 5*1 2 3 2 2 6 5 3 2 
2 2 2 2 18 11 3 4 4 2 5*1 2 5 3 35*1 2 2 4 4 
10 11 9 5 6*2 6*1 2 2 2 6 3 2 2 1 2 2 4 4 3 
3 2 3 2 6*1 3 10 9 2 2 27*1 2 6*1 2 2 2 7 8 8 
3 2 2 3 2 2 2 1 1 1 2 1 1 1 2 2 2 3 3 
1 2 2 2 3 2 1 2 8*1 2 5 21 15 2 1 1 1 1 26*1 
2 1 1 2 2 2 3 4 7 3 2 2 2 3 3 2 2 2 1 
2 2 2 1 2 1 1 1 2 4 2 2 2 2 2 2 1 2 3 
7*1 2 19 16 4 5 3 29*1 5*2 1 2 3 2 2 1 1 2 3 5 
3 2 4 2 2 3 2 2 1 1 1 1 2 2 2 1 1 2 11*1 
2 2 26 127 7 5 4 2 2 21*1 2 2 5*1 3 2 1 2 2 2 
4 3 2 5*1 2 2 8 4 2 2 3 6 2 7*1 2 13*1 2 4 12 
16 7 8 3 2 2 1 2 1 1 1 23*1 2 3 1 3 4 2 3 
2 2 2 5*1 2 19 4 2 2 5 4 2 7*1 2 13*1 3 4 7 46 
8 2 2 2 2 3 30*1 5*2 30 7 5*1 2 25 6 16 3 19 22 4 
21*1 4 11 132 70 6 4 3 3 4 15*1 2 14*1 5*2 3 42 3 2 1 
1 1 1 3 27 38 38 8 19 13 2 21*1 9 214 43 16 14 8 5 
3 8 14*1 2 2 13*1 5*2 5 14 3 2 3 2 1 1 1 6 9 62 
68 27 25 7 1 20*1 2 34*1 2 1 1 1 1 2 4 2 2 4 4 
2 2 3 2 2 2 1 4 23 53 284 51 35 1 1 55*1 2 2 1 
1 1 2 3 2 2 3 2 3 2 2 3 3 2 6 10 119 410 402 
73 11 1 1 1 2 1 48*1 2 2 2 2 3 2 1 1 1 5*2 1 
3 3 3 4 2 6 18 106 270 90 106 96 6 3 2 2 49*1 2 2 
2 3 4 2 2 1 1 1 2 7*1 3 3 8 12 18 138 14 242 22 
11 4 3 1 2 1 10*1 2 37*1 3 2 3 5 3 13*1 2 2 17 17 
32 7 43 27 96 7 7 2 2 49*1 2 2 1 1 2 14*1 28 9 16 
50 24 45 123 83 103 4 2 2 2 49*1 2 17*1 2 18 28 14 19 8 
27 20 22 12 4 2 2 2 66*1 3 7 6 9 9 7 4 8*2 67*1 3 
2 3 26 6 2 1 1 1 1 1 1 1 2 2 51*1 2 14*1 2 2 
2 4 2 68*1 2 3 4 2 2 5*1 2 2 8*1 2 59*1 2 4 53 26 
2 2 2 1 1 1 1 2 2 61*1 2 2 2 4 3 2 4 7 23 
48 8 3 2 2 2 66*1 9 8 7 34 26 15 51 44 33 13 3 2 
1 2 67*1 22 10 14 28 21 50 54 10 11 3 1 1 1 1 68*1 5 
25 10 12 46 61 56 6 4 2 71*1 15 9 8 3 12 54 76*1 3 3 
8 195*1 2 3 2 2 2 75*1 2 2 2 78*1 3 5 2 2 2 1 2 
73*1 3 14 16 8 14 74*1 2 4 17 19 57 17 15 72*1 44 14 47 11 
33 15 52 6 3 2 2 2 68*1 80 139 72 12 21 19 25 13 4 5 
3 6*2 62*1 54 84 69 47 49 73 30 12 16 8 7 7 5 2 2 2 
1 2 1 2 7 16 57*1 143 116 118 61 54 3 9 14 22 7 27 12 
3 3 3 2 2 1 1 2 2 2 5 21 18 55*1 165 66 118 186 128 
10 2 3 2 4 4 4 7*2 1 2 2 6 13 6 6 7 21 1 1 
1 48*1 70 235 102 43 34 50 13 6*2 1 1 7*2 3 2 4 2 2 2 
8 16 2 48*1 59 8 75 145 62 28 10 4 2 8*1 2 1 1 1 2 
3 4 3 2 2 2 2 3 6 2 2 46*1 2 20 19 13 51 42 49 
11 3 2 9*1 2 1 1 1 3 5 9 6 3 5*2 3 3 2 44*1 2 
3 4 6 31 14 8 3 2 11*1 2 1 1 1 6 12 23 4 2 2 
1 3 2 3 4 5 2 2 43*1 3 37 46 14 3 2 2 1 1 12*1 
2 1 2 16 17 36 5 2 2 7 34 4 4 7 6 2 43*1 2 25 
79 7 7 2 3 2 1 1 1 12*1 2 3 50 64 38 5 5 8 15 
11 2 5 5 3 2 43*1 3 7 30 4 2 6 4 14*1 2 2 2 35 
14 11 8 7 12 15 7 2 1 2 2 2 44*1 2 5 5 4 10 16 
3 13*1 2 1 1 2 2 2 3 8 4 32 21 10 2 9*1 2 1 5 
10 30*1 2 1 1 1 2 3 5 8 14 70 14 2 11*1 2 4 7 2 
1 1 2 2 6 29 29 56 17 2 2 8*1 2 3 2 5 6 3 29*1 
2 1 4 4 5 7 12 92 24 32 51 4 5*1 2 1 1 1 2 2 
2 4 2 1 1 1 2 7 96 39 73 32 27 10*1 2 8 2 2 5 
4 11 28*1 2 1 4 15 7 15 22 51 15 7 20 3 1 1 1 1 
2 3 3 2 3 3 2 6*1 2 9 59 84 15 30 3 2 1 1 3 
2 4 5*2 3 2 3 6 16 6 3 27*1 2 3 5 3 8 24 6 14 
10 2 2 2 1 1 1 2 5 5 3 2 2 2 2 8*1 11 24 12 
15 2 1 1 1 2 2 34 6 3 2 2 2 1 2 4 5 4 4 
2 2 26*1 2 2 4 6 8 5 4 10 7 2 2 2 1 1 1 3 
6 9 3 2 2 2 1 1 2 1 1 1 1 1 1 3 10 4 2 
2 1 1 1 1 20 20 31 6 2 1 1 1 1 2 4 2 4 2 
2 4 26*1 2 4 3 5 4 3 2 2 2 1 1 1 1 8*2 1 2 
2 7*1 2 3 2 2 2 1 2 3 6 13 4 2 2 5*1 3 2 25 
6 11 13 25*1 2 5 5 2 2 2 2 12*1 2 3 4 3 3 2 8*1 
3 6 3 2 2 2 2 4 3 1 8*1 5 121 17 6 4 2 24*1 5*2 
14*1 2 5 10 7 6 3 8*1 2 3 5 3 4 3 3 2 2 1 1 
1 1 1 1 2 1 4 10 17 13 52 2 2 2 25*1 2 12*1 2 2 
2 1 2 10 7 8 7 7 5 1 1 1 1 1 1 1 2 24 23 
22 10 15 4 2 2 9 3 2 1 1 1 2 2 8 20 142 261 143 
16 2 2 24*1 2 2 13*1 2 2 2 2 4 7 11 24 27 4 2 5*1 
2 23 160 223 154 184 50 6 5 4 5 4 2 2 3 3 3 39 22 
173 140 142 67 24*1 5*2 7*1 2 2 2 2 1 1 2 3 5 4 18 21 
58 24 54 47 3 5*1 3 85 228 267 255 177 8 10 14 6 2 2 3 
4 5 10 45 30 178 60 23 11 24*1 9 10 5*2 5*1 2 3 5 4 3 
2 2 2 21 13 15 30 46 71 72 111 75 7 2 1 1 1 1 12 
45 123 153 112 19 70 9 10 3 2 3 6 4 7 43 63 139 48 27 
17 24*1 2 7 5 3 2 6 4 5*2 3 3 5 5 4 4 2 2 4 
4 12 6 8 27 57 55 58 13 12 3 1 1 1 1 12 23 12 17 
6 4 18 6 7 8 9 25 50 98 38 4 14 72 9 22 21 23*1 2 
5 86 30 7 8 53 52 3 5*2 5 3 4 4 2 3 3 8 4 6 
5 10 7 9 13 12 3 8 3 1 1 1 1 5 7 7 2 2 3 
2 25 12 11 96 216 269 33 4 2 4 11 9 7 23*1 3 5 52 67 
31 34 102 82 30 3 2 1 2 2 5*3 2 2 3 6 8 6 5 5 
4 5 18 7 5 4 2 1 1 1 1 2 5 7 4 2 2 3 6 
32 98 168 237 12 4 3 3 2 2 4 23*1 2 2 9 67 73 72 45 
63 52 9 2 1 1 1 1 2 2 2 2 1 2 3 20 18 10 3 
3 4 4 6 7 3 4 3 2 1 1 1 1 2 2 4 5 5 4 
6 8 13 40 8 12 4 2 1 1 1 3 23*1 2 3 4 3 8 4 
11 41 29 10 2 2 1 1 1 1 1 2 2 1 1 2 3 26 9 
2 2 2 2 3 3 2 2 4 4 4 2 1 1 1 1 2 3 5 
3 18 22 73 27 35 12 4 5*2 24*1 3 3 75 20 2 2 3 6 10 
2 2 2 5*1 2 2 5*1 2 2 2 1 4 5 11 3 1 3 3 3 
2 1 1 2 2 2 1 1 6 21 136 74 55 42 22 2 1 2 2 
25*1 5 6 4 5 7 4 2 3 3 3 7 9 2 5*1 2 7*1 2 2 
2 6 20 7 2 1 2 3 2 2 1 2 2 2 1 1 1 2 6 
8 6 91 47 4 2 1 2 25*1 3 15 4 6 5 17 2 2 2 4 
5 4 2 2 12*1 2 4 3 4 8 7 3 1 1 1 2 1 1 1 
2 2 2 1 1 2 4 10 20 28 47 3 2 2 26*1 2 2 3 4 
6 3 4 1 1 1 5 3 2 2 2 2 10*1 2 7 8 7 9 10 
4 3 2 1 2 2 1 1 1 2 1 2 1 1 2 3 3 1 1 
31*1 2 4 5 5 2 2 1 1 1 2 3 3 2 2 2 1 2 9*1 
2 3 6 10 8 2 2 2 1 2 1 1 1 3 41*1 2 3 3 2 
2 1 1 1 1 3 7 3 3 2 3 3 2 10*1 2 4 6 2 2 
48*1 2 4 3 1 1 1 1 1 1 1 2 3 3 2 4 14 3 2 
7*1 2 1 1 3 3 51*1 2 3 2 8*1 6*2 6*1 2 2 2 2 1 1 
2 65*1 2 2 2 5*1 5 5 2 2 2 67*1 2 2 2 5*1 2 10 15 
2 68*1 2 3 3 2 1 1 1 1 1 2 22 13 68*1 2 2 2 4 
2 5*1 2 20 71*1 2 2 6*1 2 1 2 2 69*1 2 2 2 1 1 1 
2 3 1 1 2 2 1 1 2 59*1 2 5*1 2 5 2 2 2 1 3 
5 3 1 1 2 62*1 2 2 2 4 3 1 1 2 2 2 1 1 2 
2 15 17 3 2 2 61*1 2 2 3 9 7 5 2 1 2 3 3 1 
1 1 1 1 1 4 2 2 60*1 2 2 3 16 21 5 2 2 2 2 
4 69*1 2 3 2 4 49 78 10 4 3 3 1 1 66*1 3 2 1 4 
3 3 4 163 140 112 68 70*1 3 2 2 4 6 3 77*1 2 6 120*1 2 
1 73*1 5 2 2 77*1 2 2 77*1 2 1 2 2 77*1 5*2 1 2 74*1 2 
2 4 2 2 3 2 1 1 1 68*1 2 1 2 3 2 3 1 2 7 
2 70*1 2 1 3 5 6 2 2 2 4 2 2 2 2 1 2 4 9 
1 1 1 61*1 2 3 10 7 8 6 4 6 1 3 4 4 3 2 2 
4 4 8 2 62*1 2 4 27 9 17 11 4 2 1 2 3 4 3 1 
2 2 10 64*1 2 3 5 11 17 10 2 1 1 7*2 65*1 2 3 8 13 
13 2 1 1 1 1 2 2 3 2 67*1 2 3 42 10 2 6*1 2 2 
2 1 2 64*1 2 2 2 4 1 1 1 1 2 2 1 1 1 2 2 
2 9*1 2 19 55*1 3 3 6*2 1 2 2 1 2 1 2 1 1 2 1 
1 1 1 2 16 20 19 18 1 38*1 2 7*1 2 6*1 3 3 2 3 2 
2 1 1 2 3 3 2 2 8 8 2 2 3 2 1 2 2 3 28 
50 5 2 2 37*1 2 2 14*1 3 3 2 2 2 1 2 2 2 5 4 
4 11 11 5 4 3 3 2 2 17 3 3 27 32 6 2 2 2 2 
34*1 2 2 2 2 1 1 1 1 2 2 4 2 5*1 7*2 3 4 7 5 
6 10 7 4 4 4 3 3 3 5 8 21 21 9 4 2 3 2 2 
2 2 32*1 2 2 1 3 2 1 1 2 4 3 3 1 1 1 2 1 
1 1 1 1 1 2 2 2 7 4 8 3 6 5 4 17 6 4 9 
4 3 11 30 52 33 5 2 3 3 2 2 1 2 2 29*1 4 2 6 
8 3 3 2 1 1 2 5 8 2 1 2 2 1 1 2 6*1 2 5 
4 4 3 3 15 3 10 9 54 45 44 67 37 23 7 10 3 3 5 
6 4 2 31*1 3 10 3 7 2 2 2 1 1 1 1 4 4 1 1 
2 2 2 3 2 3 5*1 2 4 4 5 4 2 6 4 6 42 52 11 
21 104 9 4 8 8 8 7 9 6 4 1 1 1 1 1 2 26*1 3 
5 5 7 2 6*1 2 1 1 1 2 1 2 3 2 6*1 2 3 4 5 
2 1 1 2 5 29 12 6 15 98 5 4 3 6 10 12 8 4 32*1 
3 3 4 3 3 11*1 2 1 2 9*1 2 2 5*1 3 6 7 5 5 5 
4 4 3 3 4 12 10 4 32*1 4 5 20 2 1 2 10*1 2 18*1 2 
4 7 4 4 3 2 2 1 2 2 3 4 2 1 1 1 1 5*2 22*1 
4 3 2 2 1 1 2 29*1 2 4 5 4 3 14*1 5*2 1 1 1 1 
17*1 4 2 19*1 2 2 13*1 2 3 4 4 5*1 2 1 2 7*1 3 3 23*1 
2 21*1 2 1 1 1 1 11*1 2 3 2 2 1 1 1 2 2 2 2 
6*1 2 2 2 24*1 2 17*1 2 2 16*1 2 3 3 2 2 1 1 2 3 
5 4 2 1 2 1 1 1 2 2 3 2 24*1 2 17*1 2 2 15*1 4 
3 22 26 2 2 1 1 1 1 5*2 1 1 5*2 40*1 2 2 2 1 1 
1 2 10*1 2 1 6 9 16 26 2 2 2 2 1 2 2 3 2 1 
1 1 1 2 2 2 24*1 2 2 3 2 13*1 2 2 1 2 2 2 8*1 
6*2 14 15 26 10 11 3 3 2 3 5 7 4 1 1 1 1 2 3 
2 25*1 2 2 3 3 2 10*1 2 1 1 6*2 6*1 2 3 2 2 2 2 
2 16 19 14 12 18 3 3 5 5 10 6 3 2 30*1 2 2 2 2 
3 4 2 2 8*1 2 1 2 1 3 2 1 1 2 1 2 1 1 1 
2 4 5 4 2 2 2 2 7 23 7 2 9 3 8 5 5 9 3 
5*2 3 2 1 1 1 1 21*1 2 2 1 2 7 5 3 2 2 2 10*1 
3 2 1 1 1 5 13 5 6 3 2 8 6 3 2 2 1 2 7 
14 6 5 10 9 24 8 10 4 2 2 3 2 3 4 2 2 1 2 
21*1 2 2 5 3 4 7 8 2 2 1 2 1 1 9*1 3 3 1 1 
2 7 11 26 19 6 7 5 3 1 2 2 2 5 4 5 5 6 36 
46 14 6 4 2 3 3 5 7 7 3 2 2 2 22*1 12 7 2 2 
7 7 3 2 15*1 3 2 2 7 9 13 13 8 12 7 2 1 1 1 
2 4 3 7 15 11 3 4 11 4 3 2 1 2 2 8 10 8 3 
2 2 21*1 2 3 21 15 7 5 5 2 17*1 2 5 4 6 7 20 15 
23 12 4 2 5*1 2 5 4 6*2 1 1 3 3 6 8 6 2 2 1 
1 1 1 18*1 2 4 89 39 17 6 2 17*1 2 2 1 3 9 16 13 
5 3 12 2 5*1 2 2 2 2 1 1 1 2 2 1 2 4 3 4 
4 6 5 3 22*1 2 2 2 10 7 5 21*1 2 5 6 12 5 2 3 
3 7*1 2 1 1 1 1 1 2 3 2 1 1 3 4 6 11 9 9 
22*1 2 2 4 5 2 2 22*1 3 7 7 2 1 1 2 1 1 1 1 
1 2 2 2 6*1 2 30*1 2 2 3 5 3 3 24*1 3 2 1 1 2 
1 1 1 1 2 2 2 2 1 1 1 34*1 2 3 4 8 3 2 2 
2 8*1 2 14*1 2 10*1 2 1 2 35*1 2 3 6 7 5 3 2 2 2 
1 34*1 2 2 2 30*1 2 1 1 1 2 2 3 6 20 4 4 4 2 
13*1 2 2 20*1 3 2 32*1 2 1 2 2 1 3 2 2 2 2 1 1 
1 1 2 10*1 2 1 1 2 2 2 50*1 2 2 2 2 3 3 6*2 1 
1 1 14*1 3 3 7*2 44*1 6 3 2 2 1 2 3 6 6 5 3 14*1 
2 2 3 4 4 6 5 6 4 8 5 4 2 43*1 14 2 3 3 2 
2 3 5 8 7 3 13*1 2 2 40 50 14 10 14 21 19 42 45 13 
5 2 44*1 2 3 2 2 2 3 3 5 6 2 7*1 2 1 1 2 1 
1 1 3 26 27 36 86 295 262 151 210 97 109 18 45*1 5*2 1 2 3 
3 2 7*1 2 2 4 4 1 1 1 5 3 28 111 293 195 193 185 158 
169 157 47*1 2 2 1 1 1 2 2 8*1 2 2 2 4 3 2 2 2 
3 5 26 91 98 76 92 42 63 50*1 2 2 8*1 3 2 1 2 2 2 
6 6 3 3 3 2 4 4 15 105 54 29 6 52*1 2 2 7*1 2 16 
3 3 2 2 3 6 8 4 5*1 20 16 12 54*1 2 6*1 2 2 9 6 
11 3 2 2 5 3 72*1 28 8 23 12 9 6 13 72*1 2 3 33 54 
55 7 7 74*1 3 5 1 1 1 1 195*1 210 79*1 15 474*1 8 35 16 7*1 
2 67*1 30 6 11 2 16 14 13 6 1 1 1 1 4 4 2 1 23 
2 18 60*1 2 1 2 2 3 1 3 6*1 3 5 5 1 1 132 187 6 
1 2 27 2 61*1 2 5*1 2 1 1 1 3 1 17 204 420 16 1 1 
1 2 1 2 71*1 25 91 141 1 1 1 1 4 64*1 19 16 8 5*1 2 
36 6 1 1 1 2 22 22 19 1 4 11 59*1 2 23 46 2 3 2 
1 1 1 1 9 2 2 1 47 83 143 178 131 2 5 17 28 42*1 2 
14*1 2 2 92 153 2 1 2 3 18 2 3 3 5 1 37 59 97 125 
241 162 30 31 23 2 3 39*1 45 9 2 1 1 1 1 9*1 2 3 123 
79 58 8 1 21 69 57 26 59 55 121 37 149 40 1 26 77 127 25 
62 41 40 2 2 2 35*1 160 93 219 170 28 3 12*1 2 2 50 23 57 
57 8 134 39 96 12 107 166 123 339 203 19 12 5 9 60 12 99 96 
166 3 3 2 34*1 166 335 366 583 86 108 15 14*1 9 10 15 10 1 42 
2 23 1 35 56 218 65 59 32 10 6 19 54 88 141 361 233 56 5 
2 2 33*1 188 498 833 622 435 101 16 13*1 3 2 6 2 19 21 2 14 
1 19 149 60 22 57 27 9 13 30 53 64 22 176 151 216 87 7 2 
33*1 340 218 823 795 369 418 131 10 12*1 3 41 88 33 14 86 82 259 230 
15 5 113 44 32 11 4 2 14 20 29 38 75 320 253 157 8 23 2 
32*1 430 611 683 784 434 385 128 5 2 12*1 7 17 57 12 6 8 124 266 
228 110 27 48 7 14 4 2 2 9 7 4 27 103 117 21 6 3 2 
33*1 374 525 690 343 74 210 68 3 13*1 9 7 1 2 3 11 37 20 2 
159 14 4 2 5 1 1 2 2 2 2 9 52 8 5 3 2 33*1 3 
141 189 271 10 52 39 5 13*1 5 20 5 1 2 29 63 107 2 2 7 
1 1 2 1 1 1 2 1 1 2 2 3 2 3 2 34*1 38 37 21 
16 5 17 12 7 11*1 2 7 15 11 2 1 75 154 85 39 2 1 1 
9*1 2 2 1 2 2 9*1 2 24*1 2 2 1 1 1 2 6 2 2 11*1 
25 29 10 5 1 4 80 60 6 9*1 2 2 1 1 2 2 44*1 2 2 
11*1 4 11 1 1 2 8 20 3 13*1 2 2 44*1 2 3 3 3 11*1 2 
1 8 20 64*1 3 2 11*1 8 5 19 22 1 30 32*1 2 2 3 2 30*1 
2 1 1 1 1 5*1 17 11 1 18 1 2 60*1 2 2 12*1 16 4 67*1 
2 10*1 5 3 1 1 1 1 2 1 1 1 1 1 1 2 4 55*1 2 
8*1 2 2 25 17 1 1 1 1 2 28*1 2 2 21*1 2 19*1 16 40 37 
15 3 45 37 13 2 3 5*1 2 2 1 2 17*1 2 2 2 22*1 4 2 
18*1 6 13 2 2 23 89 41 12*1 2 14*1 2 3 3 22*1 41 25 4 2 
20*1 3 2 21 70 15*1 2 3 4 2 2 2 3 2 1 1 1 2 2 
4 4 2 20*1 23 68 42 3 1 2 21*1 6 2 16*1 3 9 41 3 2 
2 3 2 2 2 2 2 3 3 2 20*1 2 8 3 4 2 41*1 2 8 
110 36 2 2 3 2 2 3 3 2 3 4 1 1 1 1 12*1 125 13 
2 1 1 1 1 2 4 2 44*1 2 2 13 16 2 2 2 5 3 5 
13*1 17 23 100 125 55 11 2 5*1 2 46*1 6 4 7 3 3 3 6 5 
4 12*1 2 23 47 179 18 8 4 1 1 1 2 2 2 45*1 2 2 22*1 
4 107 83 10 2 1 1 1 1 3 6 2 70*1 27 2 2 3 2 1 
2 1 8 9 2 9*1 2 3 59*1 2 1 2 2 4 4 2 3 7 20 
2 72*1 2 4 2 2 2 4 5 2 73*1 2 2 1 1 1 1 3 3 
11*1 2 61*1 3 5 3 6*1 2 2 8*1 2 62*1 5 2 5*1 4 7 4 2 
1 1 1 1 1 1 1 2 6*1 2 55*1 3 2 1 1 1 2 45 47 
51 15 2 2 1 1 1 1 2 2 2 1 1 1 1 1 1 1 2 
2 1 1 1 1 2 2 2 47*1 2 1 1 2 16 98 49 72 9 2 
2 14*1 2 5 1 1 1 2 2 2 2 47*1 2 1 2 2 2 15 22 
4 2 14*1 2 1 2 2 1 1 1 5*2 51*1 2 1 2 1 1 11*1 2 
6 4 2 2 2 1 1 1 3 1 2 69*1 6 9 4 2 5*1 2 58*1 
2 2 6*1 2 1 1 1 1 68*1 2 3 2 2 1 1 1 1 2 73*1 
3 2 2 77*1 2 2 2 2398*1 2 8 79*1 2 1 1 1 1 236*1 3 3 
238*1 3 7 160*1 5 80*1 265 91 3 77*1 28 130 27 78*1 2 1 1 1 74*1 
722 78*1 4 462 279 76*1 19 1 1 2 78*1 132 380*1 4 80*1 188 85 1 1 
66*1 27 9*1 59 149 60*1 103 18*1 101 60*1 2 19*1 12 2 536*1